18
2
15
9
32
26
17
27
11
28
2
32
26
13
27
16
21
9
25
17
24
7
3
27
2
26
7
26
22
24
4
13
27
5
16
16
18
7
14
12
19
8
2
14
24
27
16
30
11
30
31
2
7
20
28
26
7
15
18
21
12
16
10
2
9
30
9
21
23
8
32
29
30
32
3
28
3
9
31
3
2
21
1
27
8
28
30
10
5
24
6
3
23
3
32
11
4
28
22
12
6
19
18
22
1
11
21
21
17
29
11
4
29
26
20
22
9
24
12
5
29
30
24
2
22
31
31
1
1
17
21
5
14
5
21
25
11
23
25
6
31
10
32
19
25
18
15
12
9
7
6
4
28
10
32
23
28
1
23
20
19
6
28
26
25
4
27
22
8
3
1
32
7
7
13
25
20
24
26
4
14
27
19
12
2
8
16
15
27
27
31
16
23
14
20
31
18
31
3
19
10
11
7
32
17
15
9
20
9
8
25
17
28
19
25
12
21
11
6
19
30
13
13
31
29
4
1
6
18
21
11
20
30
32
13
23
12
10
3
25
18
18
11
4
16
23
26
4
16
30
28
29
24
17
5
11
24
29
17
5
9
25
10
8
19
13
32
32
27
2
12
29
6
8
15
14
23
15
14
30
19
10
3
8
10
3
29
25
5
8
16
21
14
5
4
6
1
7
14
22
8
6
28
13
22
6
27
12
11
15
13
16
6
22
18
13
15
16
14
6
23
18
24
17
7
20
14
28
21
5
2
3
2
9
6
4
9
22
20
6
31
13
17
14
4
19
14
24
30
19
9
10
17
5
8
30
8
16
22
2
18
1
29
15
23
4
10
32
1
23
15
15
30
7
13
25
26
4
9
17
26
8
12
3
22
6
24
25
5
7
29
23
23
29
32
22
26
4
31
22
20
31
18
19
24
30
26
1
20
26
1
3
21
9
11
1
7
18
11
32
22
32
10
14
13
24
26
18
29
17
27
23
3
2
20
5
31
31
7
7
15
31
29
1
26
4
13
28
29
15
28
12
17
20
16
20
17
9
8
19
25
16
5
2
21
15
3
30
13
19
1
13
11
10
27
23
14
21
10
12
22
18
31
5
12
12
16
14
1
24
10
28
21
27
19
25
20
29
27
20
8
5
11
12
24
17
30
28
2
15
10
25
