73
68
16
25
77
23
9
13
7
41
67
61
35
76
61
54
29
12
17
22
39
13
16
31
33
36
72
11
70
33
13
41
78
11
10
19
43
63
69
46
7
20
52
68
15
27
18
65
77
27
85
74
2
19
58
70
30
20
44
81
79
45
22
80
41
83
46
19
9
38
35
47
57
6
44
74
45
8
20
3
40
36
32
5
47
28
2
63
8
81
65
53
18
85
7
6
26
30
42
29
85
81
62
8
64
1
66
4
45
22
34
69
16
61
54
55
35
49
52
24
42
50
28
31
82
47
84
24
32
35
50
1
10
70
4
38
27
71
37
9
59
11
51
59
70
37
12
19
61
22
53
39
4
18
27
47
26
43
25
54
14
21
39
77
47
34
82
85
19
69
18
0
30
21
58
23
43
33
14
73
27
64
38
28
4
80
58
2
12
76
75
14
79
60
49
80
5
58
75
24
73
8
25
69
31
55
15
8
10
78
15
39
75
77
51
6
68
60
56
12
41
46
20
19
48
20
26
40
32
61
37
74
66
32
71
14
31
44
65
30
78
79
64
73
48
66
55
5
63
21
36
84
24
11
51
3
39
56
64
84
45
10
60
42
49
73
22
18
36
6
62
25
46
36
50
3
57
43
73
62
8
9
77
23
54
11
52
20
72
33
72
57
30
3
3
29
82
84
59
81
79
79
64
63
81
68
59
63
58
50
60
29
4
52
57
83
26
5
30
13
54
76
79
6
36
24
72
24
4
28
32
47
41
62
15
76
81
57
44
34
82
66
43
17
82
62
55
42
46
71
63
84
48
45
67
72
84
7
1
77
51
1
40
0
37
25
33
15
40
76
38
7
3
49
14
71
11
78
28
69
75
37
71
76
35
22
48
67
80
5
38
6
82
40
44
50
56
70
66
69
55
56
23
65
56
34
29
50
12
52
52
31
17
31
78
9
53
65
44
40
74
13
1
41
66
78
53
57
17
34
49
7
60
5
18
68
43
35
83
67
67
15
16
75
80
46
54
75
60
65
48
16
58
10
28
38
83
17
25
45
83
64
2
49
70
26
72
29
61
48
32
34
10
42
9
33
62
85
59
53
51
2
85
39
71
12
23
27
74
83
23
37
21
1
21
17
42
67
59
56
55
74
21
53
51
2
26
16
68
13
80
14
