12
1
8
3
7
13
0
8
13
0
11
13
10
11
12
13
13
7
5
3
2
9
7
7
11
4
5
8
6
5
7
13
10
11
13
10
6
6
4
9
2
5
8
1
5
7
4
13
5
6
11
1
9
1
10
4
13
6
13
7
13
9
11
12
5
9
12
8
9
8
9
4
0
13
8
3
13
7
7
2
11
8
0
13
0
5
6
7
1
5
13
13
5
12
9
0
10
6
9
6
1
12
10
7
0
5
12
2
4
10
1
6
2
2
10
2
10
9
10
5
8
6
1
11
6
6
3
3
4
3
4
5
6
5
1
3
11
4
6
9
2
12
11
1
11
2
0
10
9
5
7
13
3
2
2
7
2
8
3
9
8
7
9
8
7
4
2
4
0
11
12
10
5
7
1
1
5
7
12
1
1
8
8
7
5
5
4
2
5
0
0
9
9
11
0
13
13
2
0
1
8
3
9
11
4
10
3
4
4
6
12
10
7
4
13
8
8
10
4
10
10
13
13
4
4
10
6
1
11
13
1
3
12
12
3
12
10
9
12
8
5
3
1
5
1
13
0
0
6
7
7
4
5
12
2
5
8
5
9
7
9
11
10
11
4
2
8
1
6
12
2
3
12
1
12
5
1
6
9
6
6
12
0
1
9
9
3
0
9
9
2
4
6
7
12
10
2
6
11
8
1
7
8
3
9
3
10
4
9
4
11
2
10
6
0
10
11
2
10
10
2
11
9
1
13
8
3
2
11
5
3
10
11
13
5
1
2
1
3
11
2
8
10
9
7
8
7
3
2
6
2
3
7
6
6
4
9
3
4
11
3
8
9
12
6
8
4
8
2
9
4
0
2
0
0
12
10
2
7
2
3
10
9
12
2
12
13
10
5
8
4
13
10
13
12
9
4
12
11
4
8
11
12
0
8
6
3
12
3
12
11
0
10
8
3
13
2
7
0
1
0
12
3
8
7
1
11
10
13
3
13
12
7
3
13
7
8
4
6
0
11
5
6
1
0
11
6
13
4
7
10
10
5
6
6
1
8
3
7
1
4
4
12
0
0
9
1
3
4
2
1
0
1
8
13
12
6
3
5
11
11
5
13
7
7
11
1
4
3
11
3
12
7
8
9
9
12
12
5
5
6
5
2
13
2
6
10
5
0
11
1
11
