12
12
17
6
11
7
7
5
16
6
9
7
17
12
1
13
7
9
12
1
1
3
16
12
4
15
10
10
10
1
13
3
14
13
9
17
7
6
9
14
17
14
10
4
7
10
5
5
8
1
11
15
14
1
11
12
1
11
7
8
3
2
10
6
6
3
1
13
13
15
15
14
3
12
1
13
11
9
7
10
15
14
15
3
8
12
8
11
6
14
14
4
1
8
3
5
8
6
12
5
13
3
9
13
7
12
6
12
16
11
3
11
10
17
7
12
17
4
13
9
1
11
6
10
13
11
17
8
1
8
3
16
17
10
4
1
12
10
6
14
7
13
15
2
3
8
17
4
8
8
13
2
8
13
15
3
3
16
5
15
4
5
9
6
7
15
17
17
15
12
6
14
12
12
15
9
9
13
17
11
14
16
16
4
5
2
5
17
15
6
14
17
7
2
14
4
6
13
5
14
4
5
13
9
17
3
6
13
15
7
17
3
12
16
16
4
15
10
14
2
8
10
13
8
15
9
2
10
3
17
4
1
1
7
14
7
14
4
7
4
5
7
3
4
2
2
15
16
5
2
9
11
17
11
10
10
16
10
1
8
13
14
2
15
16
9
12
8
17
4
1
17
7
14
12
4
9
13
13
6
5
17
15
12
10
2
4
1
17
8
10
2
16
11
5
4
16
3
12
2
16
2
11
4
3
5
6
10
6
7
1
0
16
17
9
17
13
3
17
6
9
16
7
11
2
11
5
4
15
0
10
8
11
5
13
13
9
3
2
16
16
15
1
16
6
11
1
11
2
11
16
2
7
5
1
1
5
15
5
9
7
10
17
9
5
4
6
1
1
8
6
17
2
7
17
4
10
8
10
14
4
9
16
2
11
13
7
9
11
13
8
14
14
8
13
14
5
12
11
1
8
8
11
16
10
16
5
3
10
2
8
4
11
5
14
14
15
3
7
17
4
2
15
17
12
6
9
5
2
9
3
2
12
4
12
3
9
4
3
7
9
14
11
9
15
14
7
5
6
12
6
1
10
10
6
13
8
5
16
11
4
3
12
2
16
14
6
6
15
5
13
9
13
4
6
3
16
15
12
8
5
7
2
8
1
12
11
3
15
6
15
2
3
16
1
15
7
8
9
16
10
2
14
10
8
2
16
9
11
14
1
12
