15
6
27
27
26
11
18
7
9
6
14
23
28
22
1
13
27
1
17
19
9
13
27
12
25
21
1
26
3
22
19
22
3
22
13
23
21
20
5
2
9
27
28
25
20
1
25
16
20
26
25
21
4
23
0
23
14
14
28
2
14
25
6
5
13
11
23
18
2
24
18
19
6
13
0
26
26
12
17
16
9
7
10
28
16
19
1
20
27
9
2
20
10
19
24
21
7
12
3
19
5
18
5
27
28
8
10
14
7
21
10
28
15
2
6
6
10
1
15
14
0
12
20
1
20
22
3
0
2
8
9
5
18
22
4
28
24
28
16
15
0
16
28
14
6
10
25
5
24
15
26
3
11
14
16
10
8
23
27
24
26
22
27
23
8
2
21
8
15
11
16
9
11
25
13
3
6
27
3
17
8
20
20
16
11
26
8
2
0
12
20
12
16
21
10
1
5
22
0
1
19
10
28
13
2
7
4
27
4
23
6
17
18
18
11
3
19
19
8
24
17
10
4
14
19
26
14
15
5
15
13
24
5
8
10
6
18
5
9
0
5
7
11
21
21
23
17
12
2
10
9
7
5
4
20
21
9
10
24
23
9
7
5
11
22
26
16
24
17
8
4
24
21
15
8
3
13
17
22
8
2
25
13
15
6
7
23
10
17
22
22
18
6
4
28
26
5
17
3
28
3
18
13
23
23
8
7
1
11
10
4
8
23
13
14
2
14
14
3
10
26
25
24
22
26
24
7
25
12
11
23
17
20
12
18
19
17
28
23
25
9
1
21
12
3
2
14
14
9
2
1
12
28
21
4
17
1
16
23
14
3
25
20
12
21
22
6
17
18
15
13
7
21
15
10
12
16
27
3
12
1
12
2
24
25
15
3
13
17
12
2
17
24
26
16
22
18
16
11
11
21
9
27
13
11
15
25
19
19
24
11
27
7
2
12
24
5
22
3
19
20
2
1
7
14
20
7
15
15
16
6
8
26
1
13
12
18
4
7
26
18
9
5
8
20
5
25
18
15
6
4
25
28
25
6
11
18
21
1
9
8
8
26
4
13
27
22
4
27
13
22
5
21
17
11
4
4
6
24
17
4
1
19
7
9
27
16
3
27
19
19
14
28
6
4
16
25
24
26
16
15
20
18
11
9
19
10
28
28
7
23
20
