21
9
4
15
12
14
3
4
19
3
23
8
7
1
18
4
7
22
0
22
9
8
10
15
17
14
22
6
20
0
18
4
13
24
15
7
12
14
2
8
6
16
18
21
21
4
12
8
25
21
24
24
25
23
16
24
9
23
5
2
23
14
1
10
0
24
21
2
11
8
2
12
10
17
14
11
22
2
8
4
8
18
12
7
15
17
11
17
16
13
22
18
3
21
5
19
6
16
8
4
20
24
16
23
3
3
3
6
3
25
19
2
3
2
19
22
16
2
0
13
12
25
14
10
2
23
24
22
20
1
23
21
13
8
1
16
19
3
7
5
7
10
3
12
17
22
14
15
12
8
20
15
25
17
23
8
18
25
18
14
23
23
24
19
10
8
22
19
11
1
23
23
12
15
2
5
9
11
4
23
18
20
16
24
0
18
18
5
19
17
12
2
11
15
22
10
7
13
15
20
22
4
21
11
25
4
2
7
9
4
10
23
7
24
6
11
15
10
18
7
2
20
15
14
9
3
6
5
19
25
16
11
4
22
19
19
12
9
17
5
14
21
3
23
19
13
12
2
18
7
19
14
9
13
13
1
6
12
4
18
1
21
1
22
10
16
25
0
9
13
3
17
7
13
4
10
16
19
24
5
9
8
6
5
17
0
5
25
5
9
4
14
5
17
9
5
8
21
11
8
3
11
17
22
24
17
14
6
25
1
21
1
17
9
4
18
3
9
15
9
21
11
18
1
13
21
11
25
24
8
1
1
2
7
24
6
10
16
6
3
16
13
4
17
25
24
6
9
25
7
0
22
16
10
6
22
15
20
1
7
16
9
20
23
11
20
8
11
16
25
2
20
13
0
7
14
18
11
15
24
14
9
20
14
7
5
4
0
25
20
21
12
10
21
25
21
20
3
18
10
6
13
16
5
15
14
0
19
11
22
19
8
12
9
7
1
6
1
20
17
10
2
2
13
19
23
10
25
18
11
21
18
13
22
15
7
13
12
13
6
19
6
14
6
20
10
3
25
10
24
22
24
18
11
17
6
14
8
21
12
12
21
2
1
15
16
20
25
4
24
5
23
22
19
11
9
5
13
15
12
15
1
20
5
6
17
3
3
7
19
16
16
1
1
0
17
15
23
5
8
23
13
5
17
10
4
2
20
24
14
20
12
