7
12
10
13
12
19
35
0
39
20
5
37
15
2
18
32
45
7
34
19
37
48
44
25
37
50
9
20
41
44
8
33
47
40
21
48
28
24
49
34
8
37
20
24
46
29
3
11
26
17
46
17
7
37
26
43
46
8
48
14
11
26
19
16
33
50
10
3
27
12
15
14
12
18
40
35
16
5
6
36
22
48
35
19
19
5
12
8
25
12
37
23
13
7
26
34
17
37
6
2
30
2
51
10
9
6
40
31
39
45
29
38
28
21
16
1
51
40
15
41
39
32
16
44
51
50
44
41
21
14
11
11
4
27
24
23
10
43
50
45
21
40
14
13
9
42
50
16
43
49
24
25
49
43
46
34
44
2
14
5
28
3
21
10
23
16
39
38
38
5
14
15
14
26
36
2
28
6
41
5
49
7
33
48
18
36
17
17
45
16
3
14
51
13
24
29
23
46
6
2
22
4
39
22
4
23
5
43
31
14
47
17
29
49
6
17
47
46
30
31
35
18
49
0
51
44
25
13
17
36
30
21
23
34
21
39
51
11
31
35
45
4
26
44
33
8
3
11
15
27
45
18
10
41
50
23
4
24
11
2
1
7
9
47
33
36
22
51
45
37
33
26
2
50
11
38
23
34
32
9
3
18
38
42
36
25
1
42
4
34
1
12
30
26
41
41
13
30
29
51
27
33
29
48
38
20
2
35
43
13
49
1
23
30
35
18
25
25
31
9
8
12
43
47
19
43
40
27
28
22
38
42
2
16
26
30
47
9
48
24
20
25
39
6
51
34
16
34
21
20
19
18
41
4
10
41
27
27
36
18
46
31
1
26
28
3
32
12
37
47
33
11
49
42
1
20
8
44
19
8
13
42
40
10
39
23
18
1
33
38
45
43
49
42
15
30
9
5
21
38
46
34
1
9
27
38
24
4
32
7
24
25
19
5
15
35
46
39
22
15
36
31
45
44
32
49
17
25
32
20
50
51
42
22
4
7
7
8
7
17
28
15
8
16
19
28
4
41
36
47
40
3
24
29
47
40
1
6
29
20
15
22
50
27
31
30
37
11
48
22
48
29
29
36
43
31
14
45
44
27
32
50
42
13
3
13
20
47
40
6
32
33
6
28
48
35
42
10
12
46
9
35
21
31
39
30
10
5
28
22
32
3
