15
3
12
21
20
9
21
16
11
7
10
20
15
4
6
12
21
19
11
8
10
13
20
5
15
3
9
15
4
2
1
8
5
22
11
18
15
9
17
18
1
10
10
16
21
1
14
8
4
20
19
20
13
13
13
20
14
11
14
20
3
22
8
13
7
1
20
16
16
3
15
10
4
0
19
15
5
4
21
4
17
22
6
22
15
13
9
10
19
2
17
0
1
1
17
11
3
14
15
2
1
16
19
19
8
12
20
3
18
2
15
16
16
11
15
15
22
20
18
17
18
22
17
8
9
10
11
22
10
3
22
2
10
18
19
8
16
12
16
8
21
19
19
11
2
18
9
19
16
19
3
6
18
12
20
22
16
6
10
9
21
4
1
5
6
21
16
12
5
20
10
2
17
14
11
3
21
22
12
8
16
13
12
7
17
18
2
0
9
20
3
10
10
14
12
18
1
11
8
5
12
18
12
12
8
12
12
7
21
16
4
4
19
20
11
14
22
7
12
1
13
7
16
7
22
21
7
4
1
3
4
5
2
5
19
4
13
5
1
9
13
7
19
17
3
3
5
14
16
12
1
17
8
22
9
3
7
15
8
19
15
7
5
21
17
14
16
3
4
13
1
5
8
12
7
1
20
19
3
14
18
2
7
2
21
7
5
21
1
13
5
21
11
22
14
14
18
2
17
16
6
14
11
11
3
16
1
21
6
3
21
13
17
6
6
13
10
17
13
15
20
5
14
3
5
15
6
4
18
8
7
15
0
1
20
9
10
10
12
5
14
6
14
8
11
20
21
12
10
14
10
21
22
13
8
10
10
15
7
3
17
14
13
15
17
4
9
7
12
10
22
11
1
21
9
18
18
6
16
6
1
9
7
6
11
4
10
21
5
17
8
9
11
2
16
9
3
13
14
13
11
19
18
19
0
6
22
14
2
1
4
5
17
0
6
2
18
15
19
8
16
7
20
2
18
5
6
13
7
18
14
21
17
11
21
15
22
9
13
22
14
7
7
18
12
4
20
13
12
9
5
3
9
5
15
19
8
4
6
6
6
2
22
9
2
11
20
15
11
9
19
4
1
8
2
4
17
11
2
17
4
6
19
2
22
8
6
16
14
2
2
22
7
18
13
9
19
17
22
3
10
4
5
20
1
6
17
12
8
18
20
9
