28
25
41
18
35
27
39
36
31
5
6
16
33
38
5
11
22
23
5
40
18
26
14
30
38
37
33
28
21
11
30
19
39
12
9
32
33
21
24
21
19
7
16
8
27
31
37
3
34
28
3
7
9
33
23
16
17
17
22
21
19
15
20
19
40
18
3
40
32
37
21
1
20
4
36
16
16
8
32
41
31
3
12
19
35
20
5
3
23
26
2
24
19
2
16
37
37
2
33
32
30
15
12
28
19
41
5
28
8
37
9
4
3
6
25
35
41
42
34
10
17
7
17
18
34
21
16
25
36
42
35
34
20
28
17
41
11
14
13
19
2
35
41
10
23
31
8
21
15
8
29
10
13
0
30
40
10
12
39
36
35
21
12
37
35
37
16
15
28
23
29
9
20
12
9
38
18
17
7
39
25
30
25
0
28
18
34
34
31
6
14
1
29
23
18
29
3
15
7
13
37
27
32
1
27
39
36
4
31
1
9
22
40
29
37
8
32
14
1
6
4
32
42
34
34
16
11
36
20
35
33
33
8
22
5
0
30
31
14
9
21
37
27
27
3
18
5
6
6
32
33
39
10
3
16
4
39
30
30
13
26
12
32
2
36
28
29
10
25
21
28
42
32
22
17
22
36
38
20
32
33
6
29
36
40
7
26
36
17
11
3
39
15
34
40
38
13
15
37
14
2
23
29
31
26
24
13
11
7
13
41
17
38
21
17
2
31
1
40
29
15
8
34
15
23
2
11
6
0
22
10
0
26
20
27
20
1
36
12
10
42
15
19
24
24
2
4
10
33
18
13
26
41
31
3
6
6
21
30
24
12
26
36
19
18
14
24
10
7
39
26
11
29
23
8
2
22
39
4
19
26
22
2
22
25
13
14
23
10
28
42
38
11
30
41
1
24
31
40
6
41
10
41
27
42
13
16
42
20
40
9
1
26
27
18
8
40
35
27
41
13
5
38
26
33
23
31
18
1
27
24
11
5
7
11
42
8
33
14
14
34
4
9
22
1
15
0
34
23
20
42
25
28
35
15
35
24
29
14
35
25
4
7
9
40
29
3
24
22
2
4
30
13
20
9
9
27
32
12
7
11
14
39
17
24
17
16
38
4
42
25
1
5
19
0
42
12
25
25
4
7
0
8
38
39
12
5
30
6
38
38
5
