46
27
52
16
51
52
43
9
33
48
2
43
20
32
40
5
7
0
52
21
19
3
48
34
22
14
1
44
4
12
40
47
28
23
26
29
25
32
38
39
52
6
3
14
11
50
40
47
9
27
23
3
15
48
33
15
36
10
37
48
46
55
45
13
16
46
54
16
12
21
8
42
56
35
2
42
27
49
23
51
53
54
42
4
56
27
17
44
39
30
30
52
50
7
43
41
35
27
14
55
26
0
47
49
11
31
22
39
49
19
38
55
36
14
55
10
46
30
28
1
12
50
18
35
1
1
52
0
31
6
45
20
15
19
15
37
25
38
12
19
5
54
1
27
22
31
0
34
29
24
54
42
20
24
42
26
9
31
29
31
49
38
18
37
10
34
51
17
30
12
46
47
7
37
32
22
53
6
43
2
46
29
14
16
41
45
11
41
7
5
48
24
33
36
9
53
19
12
45
28
4
1
36
36
2
50
22
38
17
18
22
6
10
53
24
18
13
18
8
16
21
38
53
42
20
36
46
25
38
15
14
15
16
56
40
20
56
9
43
54
15
6
0
24
36
5
2
52
17
49
22
47
13
45
17
9
47
35
19
11
34
11
32
37
55
37
56
7
8
48
31
23
25
43
42
44
26
18
38
6
29
11
7
50
3
20
19
6
39
34
33
52
7
40
19
4
35
3
41
19
29
29
21
40
25
38
43
55
56
23
4
47
21
44
30
24
2
11
6
28
3
39
3
41
33
25
26
18
1
12
49
28
8
50
30
31
5
26
33
56
49
55
31
17
51
32
13
41
23
31
17
32
9
28
45
13
44
26
47
27
11
51
16
36
34
44
13
14
50
54
43
5
7
44
34
42
21
54
18
46
15
18
7
13
41
4
22
29
25
28
41
25
37
44
12
10
39
48
53
35
8
51
1
45
30
5
0
4
54
5
6
33
27
8
14
37
10
9
45
43
44
21
25
41
30
37
23
8
35
24
39
22
45
8
24
28
40
51
20
10
3
39
11
40
13
23
21
16
50
13
39
26
52
48
49
35
49
34
20
50
8
46
34
10
1
29
20
53
53
56
33
17
2
40
53
15
16
55
30
17
36
2
21
24
14
26
10
47
9
28
4
51
3
32
51
4
0
35
32
12
27
42
23
32
55
2
48
0
33
5
54
56
