29
52
10
25
3
20
33
28
8
31
16
41
58
59
48
23
9
20
2
3
5
38
20
36
58
64
49
5
63
63
30
23
12
58
62
12
12
11
37
28
15
4
17
16
38
37
19
18
46
33
12
23
44
33
35
63
34
28
35
16
31
41
43
3
42
36
51
31
36
17
23
48
23
6
2
9
42
5
59
31
25
2
18
50
59
44
48
7
9
60
3
14
62
46
13
57
28
52
23
24
6
61
30
12
19
21
22
19
44
31
1
61
22
56
32
23
34
36
32
14
63
1
2
7
42
55
27
42
15
26
37
63
50
17
53
19
40
13
13
57
21
22
17
45
18
40
35
8
57
29
16
6
17
27
41
39
21
57
60
26
53
11
18
35
3
24
43
21
54
47
45
43
51
31
36
45
53
38
22
7
64
7
29
3
35
52
64
30
8
25
32
44
57
20
49
4
24
25
29
1
50
34
49
29
20
8
46
6
59
48
52
11
39
29
2
6
40
22
51
15
53
55
23
56
10
47
41
50
24
47
11
18
46
32
38
15
48
11
36
11
8
36
30
2
27
9
28
41
46
29
19
35
60
53
5
7
17
6
16
52
14
56
3
60
45
57
18
39
43
55
43
40
44
15
37
10
32
8
58
21
30
60
4
10
33
55
64
18
54
62
21
26
6
44
64
22
7
8
20
61
54
46
34
37
64
40
42
49
56
35
55
9
57
27
52
22
45
40
30
27
50
58
11
24
51
9
1
17
47
43
41
33
29
12
20
48
1
56
19
37
42
41
58
42
54
44
26
63
33
40
60
48
39
38
58
43
34
53
15
39
9
14
45
61
47
59
24
62
63
61
62
60
39
13
50
24
31
10
55
4
2
56
25
44
14
10
50
4
4
1
15
7
51
17
62
49
34
32
61
46
5
16
38
10
48
5
28
47
53
64
1
56
54
16
10
3
30
49
26
45
4
30
5
28
37
13
50
38
42
59
6
46
63
26
16
60
62
20
54
25
61
52
19
25
21
39
15
8
32
12
36
47
25
22
13
26
24
61
26
34
51
51
13
58
51
27
59
53
59
14
47
18
33
27
13
1
39
62
49
54
14
21
37
35
55
49
32
14
52
33
34
12
19
11
64
4
45
54
38
7
27
55
2
5
43
57
31
9
40
56
41
28
