4
35
18
31
4
2
11
1
36
7
41
5
33
28
10
31
4
3
43
24
3
46
13
40
36
36
36
22
30
16
2
14
38
20
20
36
41
3
23
29
36
18
46
39
7
34
7
9
6
10
36
46
35
12
34
28
3
8
33
27
44
40
36
28
40
8
23
42
39
6
11
11
14
9
44
5
37
23
35
23
43
18
9
32
40
11
4
34
42
32
45
11
40
3
35
45
20
2
37
35
38
44
18
1
46
5
21
7
38
5
39
35
14
8
41
22
45
40
37
13
18
5
40
0
29
2
17
10
21
6
46
16
13
2
41
20
19
26
19
29
32
27
15
31
34
38
24
10
17
11
10
13
28
1
12
34
24
36
14
33
28
22
37
32
20
35
44
26
15
29
42
19
14
33
7
34
45
32
10
41
9
20
33
15
15
31
27
17
26
4
30
18
35
37
46
36
13
16
5
43
3
1
17
26
8
24
4
44
28
3
25
11
19
30
32
38
41
37
27
22
25
46
20
17
25
17
1
37
41
24
20
1
26
14
44
45
21
39
17
46
12
23
25
4
12
33
42
34
30
26
7
43
44
39
20
5
13
23
42
44
9
17
18
24
18
44
25
29
31
42
13
12
43
46
38
0
31
22
45
33
23
14
29
9
4
0
28
30
42
29
34
9
23
19
16
11
27
15
33
43
37
25
8
11
32
10
24
5
13
13
32
12
39
29
24
6
34
11
21
35
13
28
22
6
2
7
11
42
29
35
5
39
40
22
38
34
22
7
46
16
43
37
21
18
45
26
25
42
29
23
19
8
39
46
43
10
27
18
41
33
17
40
3
36
19
30
26
4
23
24
17
38
12
8
8
18
38
41
44
37
12
15
33
35
15
15
27
25
41
26
10
24
27
27
27
32
39
23
22
3
7
40
26
45
24
14
20
15
42
45
4
29
42
21
22
30
22
25
5
7
8
1
9
33
1
9
31
1
45
17
16
15
14
43
43
30
31
32
21
21
30
7
3
10
38
21
41
0
38
15
16
31
10
16
40
28
2
13
14
25
9
19
2
0
12
21
26
34
45
43
4
21
28
19
20
30
27
31
6
8
3
39
6
31
2
28
39
5
16
30
37
14
6
0
1
6
44
25
12
16
2
2
12
19
9
6
6
19
16
8
1
32
