4
9
9
8
7
11
3
6
0
6
4
7
9
11
10
8
6
11
5
7
7
9
6
5
6
9
4
7
7
4
6
10
9
2
11
2
9
11
9
8
10
1
3
7
4
11
11
1
11
11
3
3
7
8
1
10
5
9
5
6
2
7
3
3
11
7
5
3
4
10
9
4
8
8
7
8
0
11
1
2
3
9
8
6
2
10
7
2
5
10
11
10
7
5
5
8
10
6
10
2
7
1
10
1
11
10
11
7
1
6
3
10
7
5
1
9
8
10
1
10
0
11
4
8
10
1
5
1
11
2
0
11
3
9
4
1
2
10
9
4
3
5
1
6
7
11
8
2
10
4
2
5
8
11
6
9
7
6
1
1
9
9
9
1
6
5
5
10
5
8
5
3
11
1
7
8
11
1
2
11
1
11
8
8
3
11
6
8
10
4
10
3
10
2
2
1
2
11
1
9
10
3
9
2
4
6
10
6
6
8
9
11
2
11
6
11
4
3
3
7
2
4
10
9
2
2
1
3
8
9
5
3
7
6
9
8
4
6
10
2
6
1
4
7
9
8
1
3
6
9
9
1
5
8
5
5
5
5
5
1
3
10
10
6
2
9
8
5
8
1
1
1
4
8
6
7
11
5
6
10
10
4
5
11
2
6
8
11
4
5
8
1
9
1
4
6
3
7
6
4
9
11
3
4
9
10
6
6
6
8
7
5
3
7
7
9
2
9
4
1
3
4
2
10
9
5
8
3
1
5
5
1
6
3
3
4
9
11
1
1
4
10
11
10
10
0
10
10
8
1
11
4
11
4
2
5
9
4
11
4
3
4
6
1
7
4
11
2
8
8
7
9
6
6
11
4
8
6
4
3
2
6
7
7
3
7
10
7
5
9
3
2
1
11
1
9
2
5
4
6
2
3
8
11
3
4
5
6
8
2
10
5
2
7
3
7
3
7
5
2
8
5
11
1
5
9
11
7
2
3
9
2
6
1
10
5
8
11
5
9
1
3
5
3
9
6
4
7
7
7
8
4
9
2
8
8
9
2
3
5
1
4
4
10
10
6
1
2
7
2
3
5
5
2
1
4
0
4
6
3
2
11
3
6
8
3
7
3
5
4
8
7
10
7
6
7
9
10
3
2
10
7
8
2
2
10
2
4
11
4
8
8
