130
116
133
144
51
20
94
61
165
64
35
6
125
44
138
49
121
54
7
51
139
74
55
82
168
16
5
111
43
98
151
47
73
37
57
115
103
67
76
161
93
147
6
143
148
110
140
25
75
24
62
117
164
146
96
26
53
75
141
36
46
125
1
46
134
107
7
87
94
50
32
155
24
40
128
67
110
84
99
77
22
163
42
73
156
85
167
63
95
82
137
136
87
91
144
48
55
118
38
134
139
27
149
131
25
163
105
114
145
73
1
38
15
154
13
84
68
100
75
16
117
47
59
0
149
133
130
113
45
126
148
14
12
59
146
25
123
50
68
157
53
86
39
112
96
78
119
83
71
34
21
32
67
71
87
31
104
4
143
72
54
169
106
116
139
164
79
56
18
109
88
56
78
138
77
14
65
37
112
92
130
10
108
53
127
150
143
144
115
97
17
22
160
66
110
128
170
120
23
103
40
167
165
13
58
85
142
64
160
74
77
63
114
100
168
26
24
51
41
97
109
158
135
158
154
131
150
20
19
112
104
55
28
93
50
29
70
109
30
148
45
52
146
126
95
72
113
132
96
82
124
105
81
66
27
140
57
123
9
21
93
0
33
111
141
145
69
99
118
65
155
135
129
23
129
79
170
167
3
3
46
61
120
10
29
4
104
30
31
65
12
102
128
79
19
156
165
83
76
58
166
118
150
39
80
61
142
89
49
76
108
113
5
89
45
170
70
149
98
28
59
89
13
68
136
31
153
6
147
152
127
27
36
91
69
2
62
119
114
152
162
157
66
90
22
56
60
163
160
153
122
124
99
3
119
102
129
1
39
108
29
133
49
28
121
124
169
80
2
8
9
153
84
74
23
26
38
4
95
131
154
157
159
166
78
132
120
152
7
52
90
159
145
86
33
72
48
19
161
8
135
88
147
60
80
11
168
43
10
12
15
92
81
58
92
36
122
47
158
116
2
63
115
86
107
140
8
106
162
42
162
34
102
97
70
159
111
43
83
42
17
44
40
30
117
85
21
127
156
106
35
35
11
125
64
17
161
20
122
48
57
18
164
62
41
34
123
71
94
101
5
60
44
134
107
9
18
151
33
105
14
54
132
98
169
100
155
138
101
142
137
15
16
91
166
52
32
88
37
101
11
69
137
41
81
151
90
141
126
103
121
136
