186
96
202
279
158
65
203
107
68
363
232
344
236
396
221
224
35
25
286
154
265
117
437
471
114
86
170
69
91
146
248
175
219
19
322
329
287
383
352
31
378
276
367
485
143
216
449
99
385
97
46
460
226
189
173
115
354
347
504
85
157
218
36
163
103
406
59
111
214
49
269
136
453
336
432
477
489
442
183
507
418
464
66
191
399
43
109
492
206
197
374
415
422
332
201
343
60
308
234
141
311
317
421
294
120
381
160
57
209
372
33
118
510
281
512
138
268
409
270
14
213
62
373
137
461
110
177
491
384
162
465
499
325
360
241
180
405
387
407
235
324
89
73
301
64
255
483
289
408
353
18
204
179
292
346
280
237
1
13
511
72
277
228
340
215
420
326
87
290
397
51
425
102
481
61
431
319
140
47
417
469
410
152
5
307
252
94
193
12
330
100
428
55
52
283
200
441
108
470
151
184
371
198
496
106
430
398
309
333
80
37
272
436
4
448
416
500
17
41
318
113
88
379
315
240
508
284
145
238
250
147
482
338
233
125
212
225
466
263
67
444
195
331
181
58
167
185
21
182
302
502
365
245
156
366
171
259
386
27
426
299
247
435
104
159
139
199
411
310
376
401
348
172
211
404
362
92
429
320
149
257
298
467
164
475
150
505
78
439
450
361
2
260
457
335
370
412
121
105
327
468
45
414
479
124
313
304
23
380
402
251
351
493
323
230
210
400
273
266
24
9
20
328
264
128
389
208
291
53
497
303
242
369
194
16
50
161
48
473
98
300
388
261
84
142
246
350
359
503
174
356
95
26
447
77
423
288
403
123
395
364
56
76
262
155
393
32
451
223
443
40
239
207
434
413
130
166
349
305
187
459
220
192
278
196
127
129
90
321
424
256
339
133
494
188
178
22
438
63
28
70
112
82
375
54
249
355
74
297
462
244
267
296
131
126
509
454
254
306
390
433
312
153
506
282
458
501
81
135
15
316
93
488
122
29
134
71
495
243
42
472
452
445
119
487
480
358
44
274
190
165
148
3
455
368
258
484
11
474
377
486
478
83
231
314
490
382
392
39
132
144
285
345
446
342
295
275
419
341
101
476
6
217
8
229
391
34
75
271
293
463
253
227
79
394
334
456
427
38
7
357
116
205
337
168
30
440
10
222
176
169
498
