17
17
13
9
11
16
7
9
3
0
9
11
15
20
19
11
19
5
23
23
6
15
1
3
2
6
4
9
2
8
20
22
3
5
15
11
7
23
20
5
6
18
11
18
14
5
24
17
8
8
22
4
19
11
18
2
1
1
2
10
4
8
17
8
10
21
19
9
1
12
14
12
16
5
22
23
19
7
6
20
16
22
5
15
8
7
2
9
22
6
3
15
3
3
23
24
3
19
10
13
12
9
0
10
12
24
15
14
10
20
4
15
19
23
6
0
11
24
16
17
19
5
11
21
16
4
22
7
17
18
8
17
18
24
24
22
2
5
19
18
12
10
0
8
16
4
9
5
2
8
21
15
0
7
13
14
14
12
9
4
21
24
1
15
13
22
16
12
15
21
13
1
15
9
17
12
11
20
14
6
16
9
5
24
12
18
4
23
24
8
5
22
3
15
11
19
21
12
7
21
14
17
2
14
16
21
22
2
19
19
11
4
9
11
18
10
21
21
22
18
19
13
3
6
19
7
6
7
15
17
4
1
4
7
13
10
13
7
19
18
21
8
24
21
24
12
24
6
19
2
18
20
8
4
3
21
10
7
17
16
1
20
15
3
9
3
12
15
24
6
6
3
12
16
18
15
19
24
13
22
23
10
1
1
21
23
12
19
18
10
8
23
7
12
2
16
14
4
7
20
23
9
17
22
1
2
3
22
20
17
5
14
14
20
19
15
23
7
2
17
2
12
1
14
24
10
14
14
24
8
20
21
15
10
3
17
6
10
16
21
20
18
1
10
6
13
18
2
7
23
18
3
13
5
20
20
1
7
24
11
2
11
12
16
8
5
16
24
9
21
21
4
9
4
9
4
23
6
21
23
5
13
17
6
10
11
9
1
20
23
21
18
9
14
10
3
13
13
3
16
11
14
21
7
20
22
22
2
1
8
3
16
16
17
4
6
17
7
13
24
17
8
2
8
14
22
0
23
19
13
8
11
5
11
13
23
22
5
1
10
2
16
11
1
22
3
24
5
16
10
18
14
5
10
15
13
1
1
23
23
23
4
14
7
7
4
13
15
1
0
4
19
13
13
10
14
2
18
12
20
18
22
11
12
5
6
18
20
14
8
20
15
8
16
6
12
11
4
5
0
12
17
6
17
9
22
20
6
24
2
3
9
