5
35
7
35
11
13
28
23
17
13
33
1
1
34
24
2
18
33
27
35
16
35
16
37
6
27
17
34
23
28
32
3
33
10
20
9
25
38
3
14
7
35
34
8
24
25
28
11
30
8
15
27
13
5
15
18
12
36
7
19
34
20
15
9
31
31
0
10
37
10
31
11
7
1
25
17
20
21
27
21
20
9
33
13
6
31
12
23
8
12
8
1
16
19
5
37
6
37
2
38
12
26
7
15
37
15
24
37
31
32
11
5
34
33
1
13
2
39
12
17
16
5
16
4
10
26
2
31
7
36
1
11
38
21
1
17
37
22
9
10
26
36
15
20
25
34
5
4
37
23
7
34
18
14
28
13
38
24
9
20
3
9
38
37
0
8
2
10
34
10
31
7
25
21
9
38
32
27
24
15
3
32
25
16
14
19
16
36
38
8
14
15
2
4
27
36
31
13
4
37
18
14
6
35
0
21
22
27
33
19
23
30
12
17
35
9
24
31
26
12
10
26
27
32
9
25
32
3
34
4
16
23
22
13
8
33
25
35
28
27
1
24
25
29
23
4
12
12
22
21
18
23
18
1
26
7
5
5
30
33
9
37
21
2
36
11
32
27
24
4
22
29
27
17
19
1
19
19
38
20
3
30
28
30
22
3
11
13
31
39
5
29
6
15
30
11
24
22
39
4
12
28
21
22
6
27
26
30
16
39
24
4
3
24
33
25
20
37
21
7
13
10
35
38
6
18
8
16
30
36
9
10
25
39
29
34
17
22
6
12
28
2
23
0
6
25
32
22
35
11
15
8
6
20
19
22
8
21
2
33
11
35
12
23
10
20
20
2
39
34
30
18
8
31
11
36
14
28
6
33
29
15
20
33
7
39
29
5
9
1
11
19
26
29
7
30
3
2
33
27
3
13
36
20
30
11
18
7
2
36
18
2
17
14
21
3
32
29
5
18
1
3
14
12
29
21
21
8
3
19
24
29
28
15
38
32
36
4
0
28
30
14
16
39
29
8
26
15
6
1
38
23
31
38
18
29
28
14
24
14
34
32
9
17
31
39
37
35
19
17
18
16
30
26
17
36
23
34
4
5
6
10
26
4
39
4
14
26
22
13
13
16
35
23
17
14
36
10
19
32
38
25
39
28
26
29
39
39
32
5
19
22
