10
9
12
1
7
8
4
16
5
9
0
12
9
3
6
4
13
11
6
10
12
11
1
1
12
0
1
12
6
10
5
1
11
0
17
4
1
14
13
10
8
6
15
8
11
2
5
1
6
12
0
17
10
16
5
3
16
13
10
8
17
0
8
8
2
8
11
1
3
1
14
11
7
12
8
1
2
11
11
8
6
9
2
7
0
1
10
3
11
7
6
6
14
13
12
11
8
3
15
15
13
1
14
14
2
15
9
3
8
6
13
12
6
16
14
7
3
8
2
17
13
5
6
0
10
17
11
16
6
5
15
4
12
9
10
1
10
0
0
14
16
6
14
4
5
17
9
15
5
13
10
13
14
13
2
2
4
4
9
17
17
10
13
1
17
11
6
17
15
16
3
2
17
8
12
1
16
4
3
10
7
11
7
13
10
17
3
9
14
9
16
12
7
8
14
3
5
17
14
10
4
16
4
0
15
9
12
6
10
4
12
8
14
12
11
11
11
2
14
8
15
7
10
4
14
9
15
3
1
16
6
11
1
9
3
7
15
14
7
13
16
17
1
15
12
10
5
11
12
8
7
9
9
1
6
15
17
0
14
5
9
15
16
3
14
1
9
12
14
17
0
5
15
3
0
10
7
11
4
13
16
1
11
9
5
12
4
14
7
0
3
14
12
1
17
11
4
17
6
15
17
6
7
15
14
16
12
2
10
7
2
16
10
3
13
13
15
4
6
11
14
12
3
7
15
16
13
4
17
12
2
5
11
4
2
9
3
8
13
8
2
3
0
4
1
2
16
3
8
12
7
13
7
13
7
17
13
8
10
16
15
7
17
5
15
0
11
12
3
7
15
14
7
5
13
11
3
16
6
15
14
10
1
14
9
16
17
16
11
9
5
0
13
10
1
8
8
4
8
16
7
8
13
16
2
12
6
4
2
5
10
3
8
9
5
9
16
7
6
16
6
11
2
10
6
2
2
5
1
17
11
3
7
4
9
12
13
1
2
16
4
4
17
13
9
2
17
4
16
16
9
14
5
2
7
0
9
4
15
14
3
8
10
10
0
15
13
3
9
15
17
2
6
3
6
8
5
2
5
6
13
12
2
15
17
10
4
3
5
8
1
1
5
4
4
5
9
14
2
6
15
5
17
12
7
7
13
2
11
5
15
5
