11
12
8
3
4
7
13
2
9
13
10
8
9
3
13
2
5
2
8
10
13
10
11
3
1
3
12
12
14
15
5
7
11
13
13
3
1
10
9
9
7
14
3
12
9
3
7
12
2
2
8
14
13
6
14
14
6
5
7
7
4
6
5
9
7
8
2
4
7
2
2
15
13
12
13
11
2
9
1
14
9
4
15
13
11
5
4
5
14
5
6
14
13
9
5
10
7
15
6
4
1
11
5
2
5
5
1
13
12
11
7
9
15
4
14
13
7
2
13
12
6
1
13
2
3
6
5
3
6
5
2
3
1
4
11
8
5
15
15
4
13
1
8
8
6
10
3
10
5
12
10
6
15
6
2
7
3
6
12
12
9
4
6
7
8
4
1
10
1
10
14
6
8
4
11
15
3
14
13
12
7
8
14
4
10
0
9
15
12
8
2
9
2
3
15
5
11
10
13
10
1
11
15
8
10
4
14
4
12
5
6
10
14
14
9
4
5
9
9
4
15
3
12
9
10
12
6
14
8
9
6
1
12
1
2
13
0
6
7
14
4
8
15
6
7
7
4
5
4
1
4
13
15
2
8
8
12
9
2
5
8
1
1
9
12
11
15
1
8
9
3
6
3
3
11
14
15
9
13
13
11
12
10
14
7
5
10
3
10
15
15
8
2
13
6
6
13
11
15
2
3
3
1
8
1
14
8
6
11
3
1
7
12
13
12
15
11
4
2
4
10
10
7
10
6
12
14
1
5
4
1
5
12
14
3
2
5
15
2
6
15
15
4
15
2
2
11
14
8
10
3
8
6
5
6
5
14
7
3
12
9
4
4
11
14
5
11
9
15
7
10
12
13
7
4
11
15
12
11
8
6
15
4
13
6
5
12
3
1
14
5
8
3
11
4
11
3
3
3
10
14
12
9
13
5
9
9
2
10
15
7
11
1
15
1
4
13
12
11
7
7
10
9
2
7
8
9
10
11
15
5
7
8
15
8
10
1
2
1
14
1
9
7
1
1
10
10
1
15
11
8
12
6
1
3
11
9
14
2
14
2
14
9
6
12
8
13
7
7
8
3
13
4
13
15
6
6
11
3
2
12
4
11
8
11
11
10
14
12
6
10
2
7
11
9
14
9
5
2
5
8
13
1
14
7
1
4
13
5
3
7
10
