7
30
31
18
16
9
8
5
20
4
3
23
5
13
24
17
12
27
31
29
8
19
21
32
15
32
12
6
28
14
25
26
10
32
4
4
5
0
21
6
31
22
26
30
32
31
22
25
11
22
30
16
35
7
35
17
35
24
1
33
5
7
32
23
27
11
22
15
8
20
25
1
18
13
16
20
29
21
30
9
13
35
14
35
2
2
36
15
15
7
1
23
12
33
7
18
28
33
2
1
10
16
30
25
31
25
28
12
6
19
14
16
15
29
9
17
21
12
23
2
8
21
24
26
21
18
14
29
7
19
6
15
4
6
13
4
36
22
14
21
21
19
31
2
25
3
12
29
34
9
22
35
7
15
29
23
19
26
34
15
33
3
3
36
4
5
33
31
18
20
34
35
29
17
5
5
34
22
28
15
15
17
1
19
31
12
13
0
11
11
33
26
33
25
15
22
35
1
27
31
34
24
29
22
18
19
15
17
13
20
13
4
36
9
5
7
29
16
19
28
1
24
26
8
8
6
2
35
33
10
14
22
33
18
21
35
14
30
17
8
1
12
16
7
6
18
33
25
16
10
19
33
9
36
10
13
9
36
10
1
28
11
13
27
6
10
30
16
0
35
10
23
4
18
4
22
26
23
24
24
5
19
5
19
28
5
8
11
2
14
7
35
27
10
24
16
1
24
27
30
12
29
16
27
7
18
9
36
17
5
2
23
11
32
8
25
27
11
23
24
21
29
14
3
24
17
28
35
23
25
25
34
34
2
4
30
2
14
6
21
26
6
11
27
31
31
32
9
13
3
16
13
20
27
23
33
0
28
27
32
12
8
17
6
4
13
4
32
18
29
33
0
1
5
20
19
10
3
29
3
6
16
8
25
6
27
36
36
3
14
32
22
2
1
12
19
25
28
20
17
7
30
34
0
21
7
24
28
19
9
22
11
4
9
25
11
20
26
15
7
10
5
21
31
3
9
29
34
34
36
8
34
22
32
32
14
0
2
13
28
18
35
36
26
28
20
20
8
27
31
15
36
18
6
26
18
12
1
3
2
24
3
11
12
30
34
28
17
20
3
3
8
13
4
30
34
2
0
23
9
26
10
23
20
16
34
1
10
31
36
27
12
11
23
14
32
30
10
32
26
33
11
26
30
9
24
14
21
20
36
17
17
