10
8
2
1
4
10
7
9
13
3
1
12
4
7
7
8
4
16
15
14
12
16
12
4
14
13
11
4
5
12
4
3
11
15
7
8
13
8
5
11
12
16
5
9
5
10
1
13
15
11
1
1
15
2
4
12
16
13
15
4
2
16
10
10
11
11
9
14
7
1
2
4
11
10
6
7
10
14
5
16
10
3
13
5
5
16
6
4
16
12
8
2
12
11
6
15
3
16
16
5
16
14
5
10
4
16
1
8
7
6
9
6
15
3
5
3
16
2
1
11
9
16
14
16
15
14
3
9
7
8
1
7
2
14
9
6
13
2
16
4
12
7
9
1
10
3
12
1
4
10
2
9
11
12
6
16
11
13
5
14
14
1
9
7
8
7
1
7
1
2
15
2
2
8
7
8
2
6
1
13
9
13
10
11
11
7
10
8
2
2
8
16
13
1
10
12
9
10
10
13
10
4
5
12
4
4
2
11
13
5
15
14
16
3
6
6
14
5
1
7
9
15
1
13
2
13
4
16
15
14
15
2
9
9
1
5
6
2
3
2
16
9
7
10
15
13
1
12
15
12
9
10
14
6
2
14
14
4
1
7
13
6
12
9
5
6
12
12
6
14
6
5
7
11
1
3
11
15
3
16
11
2
11
12
9
10
1
9
9
3
7
11
4
7
15
9
11
11
14
2
3
4
14
15
11
6
12
3
3
3
9
1
7
8
1
10
15
14
7
8
3
1
8
9
15
8
13
6
13
16
12
10
13
14
11
13
15
14
4
7
12
16
4
5
8
2
12
8
8
3
15
16
5
7
6
7
5
7
1
14
10
15
6
15
1
1
10
3
10
9
8
14
16
6
2
4
9
16
3
1
15
11
13
15
8
9
15
1
3
10
14
10
6
11
14
16
5
5
6
8
11
10
2
3
12
2
15
7
5
12
14
13
6
12
4
7
4
3
3
11
13
13
7
10
4
3
1
13
15
7
11
8
11
6
14
14
8
3
9
13
16
10
6
2
3
14
13
12
13
2
8
6
8
4
11
12
4
16
5
7
8
15
4
5
3
9
14
13
4
8
5
8
9
4
16
5
6
16
14
12
15
4
5
5
2
8
10
12
6
3
2
13
5
15
10
11
12
5
9
5
6
11
6
6
3
3
12
8
13
9
8
2
