6
5
9
14
1
15
3
6
22
8
24
9
17
1
4
7
0
26
15
17
4
23
19
12
23
6
20
24
17
7
2
12
0
5
4
9
14
10
9
23
14
10
23
15
20
5
1
18
19
9
23
11
21
13
23
20
6
22
21
4
23
10
26
6
24
19
2
21
19
3
1
14
9
6
5
8
22
15
17
2
4
6
21
25
6
0
13
1
8
18
14
7
25
24
10
9
13
20
1
22
1
25
13
18
0
0
1
15
13
11
8
18
11
10
22
3
15
19
25
12
6
25
10
19
9
5
14
20
18
15
12
19
0
5
16
17
16
18
16
19
13
11
15
19
24
3
8
10
18
22
26
0
20
2
21
19
5
22
25
23
17
13
2
16
11
7
14
3
20
1
26
22
18
24
6
12
26
20
20
24
2
6
4
17
20
26
8
19
23
16
7
13
10
19
9
23
26
0
17
17
25
11
4
24
11
24
21
2
13
3
19
2
24
22
20
1
0
5
5
1
20
11
25
9
16
17
7
2
24
26
13
7
16
25
22
21
2
17
18
14
1
20
21
26
13
24
14
20
25
7
23
18
11
4
17
16
13
21
0
9
26
16
11
18
1
3
8
10
1
12
6
21
14
3
23
4
16
16
18
17
24
7
2
25
10
4
0
10
8
22
26
20
19
11
9
14
23
20
25
7
15
12
7
23
5
10
3
4
2
24
6
21
12
25
12
16
9
1
4
3
8
14
9
9
21
0
22
15
18
25
21
24
7
14
16
1
24
8
19
15
23
14
15
5
21
24
6
18
5
25
4
15
15
26
11
26
4
14
21
26
4
19
23
0
16
17
8
10
21
19
12
3
10
22
25
12
1
12
26
21
16
0
5
14
25
3
22
2
0
9
9
7
17
8
25
8
1
15
18
13
17
26
13
3
7
18
11
12
8
3
11
3
0
7
13
11
10
3
13
4
24
26
26
2
3
18
19
14
8
20
9
20
25
5
22
15
6
5
10
2
17
5
10
7
14
13
12
21
26
8
12
5
8
17
8
23
15
11
6
14
23
0
5
12
3
13
5
7
11
24
4
2
17
15
2
16
18
12
3
16
23
11
9
7
22
0
16
6
20
7
18
10
22
22
2
4
2
21
19
1
4
10
11
8
15
12
6
6
13
22
16
12
