15
12
5
5
0
2
19
7
11
19
6
11
17
4
19
13
7
3
0
2
5
6
6
18
14
2
12
14
15
14
15
7
14
11
4
6
1
5
4
14
10
2
4
10
6
1
15
1
18
16
8
15
16
10
10
13
19
7
4
0
7
1
13
16
4
17
8
9
1
7
0
3
19
17
15
15
3
8
5
14
14
12
5
3
4
17
9
9
0
16
14
17
10
4
9
16
6
9
19
10
12
11
18
18
15
3
9
3
10
8
5
2
18
15
8
0
8
9
1
7
14
13
3
16
12
11
1
1
13
14
4
14
18
12
5
14
6
16
19
12
11
16
17
7
12
5
15
5
1
12
3
12
12
14
3
3
16
14
16
3
12
14
13
13
10
11
6
19
1
0
15
14
0
17
17
10
5
3
1
16
3
2
0
11
4
15
1
9
19
9
17
18
16
2
13
7
11
2
17
10
9
17
5
0
10
16
2
12
4
13
18
4
8
18
16
13
18
11
6
6
2
5
14
7
6
5
19
5
19
2
12
10
5
9
18
13
4
10
14
1
6
9
11
18
7
14
10
6
8
7
6
6
18
2
7
7
8
9
4
1
19
6
11
1
1
11
16
12
3
18
11
4
1
9
3
1
0
17
19
0
2
16
11
5
2
5
7
17
15
10
10
13
6
9
15
15
15
1
2
5
17
10
17
13
13
16
7
7
7
1
0
19
3
16
7
7
11
2
14
9
10
8
10
6
2
2
1
17
17
11
14
11
15
7
6
3
4
16
6
19
16
5
14
12
17
19
15
12
13
16
4
11
13
1
18
9
8
13
15
7
4
9
17
3
3
13
2
10
17
1
7
9
10
5
14
14
13
6
0
10
12
18
2
10
3
18
2
12
18
8
5
16
15
19
8
17
9
8
6
15
19
9
0
8
5
9
19
17
16
12
14
6
18
9
3
12
12
18
15
2
12
8
4
8
8
10
11
11
11
14
18
13
4
2
8
13
15
12
8
19
15
6
8
17
18
19
1
2
10
3
19
12
9
7
15
16
8
4
16
18
18
18
17
10
3
11
13
8
7
18
0
0
3
2
13
1
12
19
13
4
16
5
13
11
19
4
17
3
9
0
11
1
4
8
6
5
2
9
3
4
11
19
8
15
19
7
5
8
17
4
6
13
