17
34
6
22
31
13
7
10
18
19
18
6
28
20
33
10
31
3
32
17
9
24
29
14
15
21
21
25
8
19
10
16
13
3
26
11
16
16
2
29
11
29
6
22
29
32
23
12
19
15
34
30
31
6
34
18
7
25
1
27
20
8
8
23
26
30
26
1
11
0
19
18
24
8
32
5
4
19
30
20
1
17
17
11
23
1
23
19
4
13
27
3
14
13
17
2
20
19
29
7
12
6
31
2
30
27
30
2
21
28
8
11
27
10
28
2
18
34
24
14
10
26
22
22
24
1
19
32
15
33
20
6
16
5
2
33
31
22
29
33
27
22
32
30
23
31
4
25
31
26
20
13
9
29
29
24
10
7
24
1
7
2
32
31
9
18
10
20
7
12
17
27
33
25
2
7
27
29
3
23
32
10
1
9
5
18
34
9
12
21
33
16
19
7
19
3
32
17
13
13
21
6
12
22
23
1
25
15
12
33
15
17
12
18
26
14
34
4
25
7
5
24
9
28
13
31
3
33
21
26
31
4
23
8
32
11
21
21
3
34
5
15
20
15
33
30
7
34
25
21
25
32
15
9
26
29
14
2
9
13
2
25
9
25
10
29
16
30
4
22
4
11
23
23
16
10
14
3
24
12
13
14
27
21
10
30
8
18
4
20
5
14
21
28
28
1
6
8
9
14
23
8
8
17
28
34
16
14
26
25
5
18
7
10
20
6
16
28
24
1
30
16
13
9
29
7
12
8
6
19
21
2
32
31
23
30
19
8
20
11
14
24
34
28
13
32
15
15
4
20
31
33
2
15
33
12
26
32
18
9
4
6
29
6
3
5
22
34
9
3
31
27
8
6
34
30
17
21
17
28
6
16
3
13
1
31
28
23
33
15
8
13
29
5
12
22
12
4
7
2
30
15
11
17
12
11
21
24
9
4
22
19
26
20
1
33
33
4
20
6
24
16
15
5
4
17
13
34
1
19
26
5
5
18
31
14
2
5
32
18
8
27
25
16
26
7
25
10
19
16
11
17
30
22
11
1
22
10
5
3
15
33
26
27
27
27
12
18
24
1
11
10
30
28
23
11
9
17
27
16
3
3
34
27
11
14
21
25
32
12
29
25
14
14
0
22
24
7
22
24
2
4
20
18
3
5
23
34
28
28
26
28
