18
5
16
4
3
16
18
8
4
8
13
19
0
5
19
18
4
17
12
5
12
10
15
18
19
1
3
1
19
2
5
4
20
8
20
15
20
2
12
2
1
1
19
13
2
3
15
4
6
14
7
14
1
17
14
6
2
20
10
13
6
3
16
17
11
7
3
14
13
14
3
2
4
14
5
11
14
1
8
7
16
20
20
6
15
12
17
8
11
8
11
9
6
8
10
15
17
20
17
20
5
4
2
16
13
10
20
4
7
19
0
20
15
2
19
2
19
9
16
0
11
13
10
2
2
8
9
9
10
11
17
5
19
20
3
19
3
11
14
5
12
11
6
20
1
18
18
3
11
5
9
7
20
15
6
6
11
7
19
17
4
8
15
7
12
15
3
16
8
7
9
19
8
6
7
11
13
13
11
17
16
13
0
10
10
7
2
7
6
15
16
11
18
12
12
1
8
15
7
16
18
9
19
12
10
1
11
10
18
11
20
17
15
16
19
1
11
1
8
11
16
10
16
12
13
16
20
5
13
18
6
14
19
19
9
19
0
1
8
5
6
17
7
0
8
12
13
17
12
17
4
3
14
14
16
12
13
2
10
12
12
5
14
13
16
5
17
4
2
17
0
11
14
15
9
9
14
15
3
8
11
1
20
10
10
1
18
16
12
1
2
3
4
16
14
4
12
13
9
5
20
3
11
13
13
15
0
11
11
12
12
1
0
7
8
1
2
18
8
15
12
10
3
18
4
1
4
4
17
14
14
5
9
5
2
10
20
14
9
11
20
18
15
10
5
7
17
9
13
16
20
19
3
3
4
6
4
17
3
7
9
20
14
7
5
8
2
19
12
6
13
18
16
20
9
17
10
4
14
2
12
0
6
17
19
18
19
10
19
15
6
2
9
10
18
8
9
18
20
15
0
4
5
12
10
9
9
18
5
13
4
5
15
16
17
9
18
15
20
10
6
9
18
6
9
4
13
7
4
19
2
8
16
3
7
3
3
10
15
18
1
11
9
19
16
6
7
2
11
5
3
1
12
6
2
13
17
5
20
16
8
4
5
8
17
13
6
18
1
6
19
15
2
18
14
13
1
14
7
3
6
18
14
9
4
13
2
7
1
7
8
3
10
17
7
1
15
5
15
10
8
16
14
17
12
6
6
3
7
0
14
1
