1
1
22
9
2
17
8
9
2
14
5
21
15
15
20
10
12
13
21
13
6
14
17
3
6
4
17
23
9
16
3
11
23
5
1
5
18
11
11
13
12
5
4
17
9
21
21
11
23
16
1
22
5
18
10
1
18
5
20
23
17
5
8
20
20
8
4
15
10
16
1
9
22
10
17
15
7
20
16
14
12
23
14
1
8
12
20
0
19
16
8
8
23
2
7
8
19
18
6
4
11
9
12
12
8
15
4
7
19
16
20
12
12
2
18
10
1
22
1
22
21
16
21
1
22
19
6
6
11
23
22
21
15
18
5
21
6
20
12
19
7
17
11
23
23
15
5
19
0
13
7
11
5
7
19
2
21
6
15
7
17
5
12
5
22
8
2
17
10
22
11
9
23
12
5
0
15
6
18
7
17
6
17
19
7
13
15
20
22
18
13
13
10
12
4
14
2
20
2
13
14
3
9
20
9
1
1
1
0
7
15
12
21
21
13
22
2
14
18
20
1
15
1
9
1
22
19
10
5
10
13
23
20
4
17
12
9
5
15
18
18
19
4
2
16
16
8
9
21
5
8
18
11
16
8
9
1
23
2
12
22
23
16
19
8
10
23
9
17
14
18
7
11
15
19
18
17
9
4
22
6
18
21
12
16
11
13
16
23
4
2
7
16
7
3
17
8
19
6
22
10
15
10
19
21
14
3
19
16
18
13
3
12
13
21
8
14
13
6
17
11
2
7
11
15
20
2
16
4
4
4
6
23
15
7
20
1
13
6
14
11
3
4
3
6
14
9
16
5
3
1
2
22
10
17
3
13
2
22
4
22
19
20
11
19
23
4
21
3
1
23
8
8
7
6
16
13
16
1
6
14
7
17
3
3
5
11
21
8
2
21
9
6
16
14
20
9
14
3
7
2
20
14
15
12
10
16
14
16
4
4
15
19
6
19
8
7
3
5
10
21
1
11
4
23
13
13
18
17
3
19
0
22
7
8
10
4
9
18
10
23
5
6
8
2
14
18
11
20
4
3
22
9
21
12
2
11
3
2
18
13
23
5
11
14
9
4
8
17
17
21
10
7
10
6
10
6
3
9
11
18
3
0
17
14
5
13
20
10
3
10
20
15
22
22
15
18
23
19
13
3
14
15
2
19
12
12
14
20
12
21
7
