78
85
23
57
45
36
101
8
102
28
48
68
3
27
30
78
83
84
50
41
1
56
59
92
62
32
44
90
7
41
18
21
52
95
13
13
78
29
61
97
55
37
72
19
58
91
13
1
27
66
76
10
10
38
82
97
81
19
93
27
37
45
49
45
47
26
34
32
80
48
2
4
9
65
63
93
73
99
67
58
72
88
67
35
69
58
30
36
68
20
9
72
21
57
82
93
77
44
19
94
9
91
63
102
94
70
6
86
35
82
88
88
91
11
16
71
44
12
20
5
81
81
16
7
14
91
51
4
39
79
48
89
4
83
26
13
59
55
68
42
4
16
56
49
29
70
54
73
43
61
86
34
102
75
79
101
60
80
56
87
54
95
65
100
43
8
99
7
11
52
33
92
17
80
78
25
39
20
50
87
23
37
6
28
5
2
80
38
28
46
31
72
46
14
16
94
102
95
26
99
76
24
14
64
13
8
21
94
87
61
81
22
29
75
11
12
97
10
76
5
98
83
65
75
38
50
96
42
30
34
102
38
84
41
83
93
90
85
51
95
18
48
33
70
36
34
65
15
15
88
10
82
16
86
41
5
59
31
101
1
44
84
88
71
37
62
96
46
37
100
61
40
6
81
40
1
56
22
85
77
15
50
82
89
43
55
6
28
2
57
89
51
91
84
96
58
17
59
101
84
11
98
52
20
23
31
97
12
67
86
48
12
51
69
86
69
74
62
7
90
53
65
29
64
47
23
6
85
10
59
17
71
38
53
25
53
96
0
51
18
56
74
69
40
66
47
66
99
67
54
39
22
23
64
77
90
44
55
98
21
66
73
92
45
42
80
75
55
0
68
3
67
30
42
54
75
89
49
76
35
28
22
24
15
2
52
74
24
26
3
72
83
12
96
63
95
22
70
31
79
25
40
90
41
57
35
100
47
33
18
46
47
27
85
36
46
40
94
14
7
89
53
61
30
17
45
36
18
99
25
73
69
9
29
39
79
32
5
8
78
52
74
74
60
25
19
98
21
60
63
101
71
43
8
34
42
1
15
87
49
35
43
77
24
92
57
97
76
24
11
54
20
32
63
71
14
3
39
70
93
68
50
3
53
60
33
49
100
33
26
62
27
31
87
79
64
32
62
66
9
64
58
60
100
73
17
98
2
19
77
92
4
