20
17
14
8
12
4
1
19
20
7
0
9
12
3
10
14
17
7
5
8
3
19
3
18
16
11
15
3
12
4
7
13
3
10
3
5
6
9
6
5
2
4
7
3
19
19
20
15
15
13
6
12
1
1
15
19
14
9
3
8
14
12
6
8
9
0
16
13
2
11
10
12
18
3
20
19
21
10
16
6
6
7
13
4
2
11
11
19
4
17
4
9
14
17
3
10
10
20
3
4
9
13
16
5
14
8
13
4
11
21
13
12
7
10
13
11
4
19
19
9
2
9
5
18
20
13
6
13
17
5
17
5
4
5
15
3
18
21
20
6
5
1
2
20
9
3
2
2
17
2
0
20
10
21
11
7
2
3
13
17
11
0
8
1
5
10
9
12
8
4
9
2
16
4
18
1
11
8
12
3
2
14
18
7
7
19
16
13
1
16
19
17
5
19
15
7
10
6
16
15
15
20
15
4
16
11
15
14
13
15
3
21
13
7
16
4
8
15
16
19
14
21
16
12
18
21
11
15
16
11
8
11
16
1
21
9
7
17
16
15
16
2
19
5
1
9
20
17
15
9
14
2
16
2
13
21
21
14
18
12
11
20
14
5
9
21
11
9
11
7
20
13
18
7
17
8
15
7
5
13
3
15
18
4
11
12
15
3
1
6
18
14
14
11
6
6
6
8
0
8
6
6
18
17
12
17
12
12
15
17
14
0
14
9
1
7
17
13
2
20
8
3
4
9
11
20
21
19
17
16
4
2
15
6
5
18
20
12
5
12
6
21
4
20
8
9
1
14
14
8
6
9
19
21
19
18
2
17
14
8
18
1
5
4
14
4
18
20
3
5
19
17
18
10
18
7
10
9
10
21
6
6
8
10
17
8
2
13
13
11
16
16
18
14
19
19
11
10
19
6
13
15
16
7
21
20
20
19
6
3
12
20
3
11
17
7
1
3
19
1
4
10
10
10
12
20
1
12
17
5
21
11
5
8
10
8
5
3
4
2
14
20
5
18
21
15
6
17
21
1
8
9
1
9
12
6
16
1
19
11
13
12
1
5
0
1
18
0
7
10
13
7
16
16
20
9
8
21
21
2
10
21
15
12
13
1
2
17
12
21
7
2
15
18
4
14
2
14
1
8
4
7
2
10
5
10
1
7
21
18
10
18
