21
9
24
10
5
19
14
12
13
18
13
3
22
29
15
10
19
13
20
6
19
24
30
17
4
19
23
8
17
4
26
14
13
21
6
1
11
30
11
22
7
16
27
9
2
15
2
21
22
16
30
12
13
11
27
10
7
23
27
19
7
18
23
28
30
28
7
14
1
2
5
23
13
4
6
2
10
18
22
11
20
5
11
19
13
26
27
8
7
23
4
5
8
30
10
2
13
17
7
12
21
25
5
11
13
17
19
30
15
28
6
23
9
9
9
20
3
16
26
16
24
26
28
14
16
19
26
22
0
30
15
16
16
9
19
20
14
12
15
1
3
20
11
18
10
1
28
9
16
29
24
6
18
2
17
29
3
26
12
22
6
8
21
6
17
23
16
8
4
25
19
24
23
20
11
5
15
1
14
3
11
9
30
20
23
9
16
28
5
23
28
9
18
4
14
3
17
15
24
3
2
8
9
14
1
26
14
3
20
7
30
25
1
25
17
23
29
10
5
5
13
18
23
18
16
19
11
1
22
26
24
13
30
1
9
6
24
20
20
20
24
3
10
2
21
26
17
29
26
22
14
28
21
29
26
11
30
8
24
27
15
27
28
4
22
20
26
29
22
25
24
9
28
21
18
24
18
8
6
29
8
13
6
21
14
2
2
12
3
8
22
1
25
12
4
25
1
4
28
16
4
20
4
13
0
24
12
12
27
18
26
28
10
12
7
8
8
10
5
10
25
15
11
19
4
18
21
28
18
7
21
1
24
12
22
5
26
30
11
12
17
2
10
25
8
10
15
15
15
29
13
3
30
25
10
27
25
6
5
7
7
5
26
26
13
27
12
30
28
16
5
30
12
24
9
14
1
19
20
2
10
9
30
27
23
17
29
11
27
16
20
13
7
28
8
1
2
3
28
16
1
19
25
16
21
13
14
2
25
8
7
2
17
17
14
5
6
12
21
27
21
14
8
18
25
11
15
27
25
7
3
22
15
17
23
18
30
22
29
11
19
5
25
8
4
6
23
15
12
24
21
4
29
1
1
20
5
21
7
27
9
6
17
9
16
12
29
17
14
7
19
3
18
14
2
29
29
19
4
11
21
2
3
6
27
20
22
24
6
4
29
10
27
26
15
27
22
15
17
25
4
23
23
29
3
6
28
10
7
22
18
3
