3
15
11
14
11
7
13
1
4
14
11
10
11
8
4
5
1
2
4
0
6
14
13
9
7
11
11
16
4
8
10
3
10
16
4
7
11
7
12
5
13
3
4
7
14
14
4
14
11
7
2
5
15
1
7
4
5
8
12
16
2
2
5
13
1
13
3
15
10
5
11
13
14
9
6
9
9
3
16
8
4
8
15
15
0
7
3
10
12
3
14
2
9
8
0
13
6
15
7
16
8
9
2
7
1
1
8
8
8
11
16
0
1
9
11
16
8
2
14
10
4
10
6
0
8
13
1
0
16
8
8
1
3
15
12
3
12
12
11
4
14
13
2
3
9
16
6
7
16
9
5
11
4
6
10
7
2
6
8
2
9
9
11
5
3
10
3
10
9
15
2
4
9
8
11
12
13
6
6
16
10
14
16
12
16
8
11
14
11
9
10
16
16
7
14
11
5
15
1
10
13
15
4
4
6
1
12
1
14
4
6
8
14
3
16
8
5
13
13
7
8
10
15
12
15
0
2
15
7
9
8
0
1
9
15
15
9
15
2
9
5
2
3
4
8
11
4
5
1
1
13
6
7
2
6
2
2
5
1
12
4
16
13
15
1
6
16
16
11
11
3
3
15
6
12
6
7
10
15
5
10
14
10
2
7
8
5
2
0
11
16
9
13
9
11
4
13
3
10
12
1
0
13
12
9
13
11
8
5
0
15
16
15
4
4
2
16
11
14
14
10
13
6
12
5
16
14
4
12
5
15
15
3
12
14
13
5
7
6
1
12
6
14
8
6
1
14
5
13
7
3
6
13
3
6
4
1
15
3
6
13
12
7
12
14
14
6
2
12
14
13
14
16
10
5
8
10
6
8
8
13
9
7
9
3
8
16
13
15
7
5
9
4
9
10
15
15
3
1
7
8
2
10
5
3
2
11
12
1
5
0
2
6
16
1
15
7
12
10
4
14
3
14
7
0
3
2
6
4
9
6
13
10
10
9
13
11
15
9
5
6
2
12
12
14
1
3
7
0
16
3
11
7
2
5
16
4
4
13
7
12
1
4
12
12
9
7
4
12
10
11
7
11
15
2
11
8
5
5
16
1
9
0
3
14
5
0
2
10
2
15
2
1
5
1
1
12
13
14
16
3
12
16
1
5
10
6
10
10
6
9
3
