48
112
30
82
12
94
50
54
105
81
10
20
65
80
71
63
100
55
41
102
90
115
45
97
61
19
115
103
53
43
31
70
1
89
53
15
122
110
94
121
111
79
9
11
43
41
18
4
77
28
128
91
102
51
117
103
14
16
110
67
124
97
106
46
8
81
38
9
65
110
27
7
74
127
85
11
20
40
101
46
104
24
45
87
5
47
30
2
99
16
54
48
70
90
83
36
26
96
128
83
1
112
33
73
113
35
44
123
43
78
95
61
71
63
66
26
12
127
57
89
29
114
116
53
63
22
121
90
69
80
21
27
6
12
92
84
34
58
84
79
32
100
98
106
102
58
58
38
96
82
75
125
3
86
76
34
29
68
14
104
69
114
15
74
57
72
88
82
112
120
128
5
92
107
3
94
107
40
60
33
64
51
95
42
81
77
78
13
68
102
73
44
4
26
23
98
109
100
49
108
118
24
23
13
104
13
4
20
6
125
10
35
85
47
95
59
50
13
25
89
115
40
75
31
73
122
92
20
60
73
101
111
32
49
74
39
70
127
7
94
36
60
106
8
3
56
113
47
125
24
38
119
96
41
64
49
84
86
126
71
70
56
43
63
88
121
106
126
15
15
87
62
120
120
119
25
108
18
86
46
93
72
58
59
34
75
113
123
19
19
41
98
101
93
80
7
11
125
103
19
55
114
39
114
3
83
110
65
1
54
91
65
35
25
98
12
121
23
50
92
76
66
48
95
126
71
113
44
88
118
32
97
17
18
76
9
22
48
23
2
83
31
74
9
69
97
52
37
76
17
10
39
88
105
62
42
28
57
8
108
124
38
123
4
2
111
78
55
37
105
69
64
116
44
46
126
67
53
60
17
93
22
24
67
16
115
117
18
45
51
78
82
68
51
89
116
2
52
31
122
99
33
21
56
36
32
91
6
127
124
28
30
21
49
123
61
6
118
56
10
59
28
14
1
27
55
7
109
29
27
11
64
117
17
52
128
68
36
85
62
103
117
72
124
109
30
116
34
75
96
5
25
79
47
57
67
107
107
5
42
33
8
84
119
29
42
100
16
79
104
77
99
26
14
61
66
37
91
59
105
52
39
86
35
62
22
72
77
122
90
119
40
85
108
54
109
99
50
81
45
101
118
93
111
112
21
37
87
87
120
66
80
