9
11
7
6
3
13
9
9
10
0
10
9
4
6
4
12
3
13
4
4
5
13
8
10
9
10
3
13
9
13
10
1
4
6
8
4
4
10
13
11
2
6
0
3
8
5
9
1
2
5
9
7
3
13
12
2
6
7
13
0
5
11
9
4
4
11
12
11
3
10
6
2
9
6
3
5
11
13
5
7
3
13
0
10
12
6
9
1
3
6
11
1
1
2
11
10
4
7
4
2
9
10
4
11
9
1
1
2
10
7
2
5
7
5
5
12
9
13
11
10
1
1
3
2
5
1
13
11
5
8
9
13
3
10
7
4
5
5
6
9
5
6
3
6
8
3
13
12
5
5
9
4
13
1
10
11
7
2
3
1
9
5
12
1
2
8
10
6
0
1
2
10
11
10
9
8
1
9
8
1
11
1
2
3
3
8
9
8
8
7
8
11
6
4
12
12
7
13
9
2
10
7
8
12
8
8
13
7
12
1
13
8
3
2
7
7
1
3
5
8
8
12
2
13
9
12
6
11
5
9
13
13
8
12
6
12
10
3
13
3
2
3
13
3
7
8
13
9
7
5
6
1
2
0
10
3
2
5
12
6
7
12
12
5
12
2
4
10
2
6
11
6
4
11
1
6
0
11
12
8
3
5
6
12
2
13
7
4
13
8
8
7
5
5
12
7
10
3
9
10
7
12
7
5
7
4
6
1
4
11
13
1
2
8
9
4
12
4
5
4
2
13
7
0
8
13
12
4
2
13
12
12
2
7
7
9
7
9
1
10
4
7
2
4
4
3
6
0
5
11
2
5
3
9
5
5
11
12
12
8
2
0
6
3
4
1
1
10
8
4
7
0
2
12
11
8
1
8
1
6
1
8
0
8
8
10
4
4
6
11
11
2
8
2
1
9
3
3
1
2
10
13
2
9
11
11
4
12
7
6
1
4
9
12
11
11
0
10
6
1
10
13
12
11
2
7
3
13
8
4
12
12
13
10
10
11
4
10
6
9
2
11
1
10
11
2
10
0
8
10
12
6
10
4
6
13
6
5
10
6
11
6
5
6
0
0
0
1
1
11
11
3
3
3
0
7
7
3
9
8
5
5
9
7
13
5
2
5
7
9
8
9
5
10
13
4
12
7
1
11
6
12
3
3
8
13
4
1
11
3
6
7
