3
14
14
14
17
1
17
4
5
17
4
7
11
10
17
7
11
6
10
12
12
18
6
9
0
13
17
6
8
4
17
8
4
0
18
0
9
11
2
10
16
7
2
9
11
0
6
3
17
17
12
13
3
16
13
12
8
5
7
3
2
18
3
6
6
2
7
18
12
11
12
15
6
5
3
7
6
8
11
11
1
1
9
2
17
17
14
14
4
3
15
18
18
0
11
18
16
12
7
0
4
13
1
18
11
13
6
8
8
14
10
5
16
18
4
13
11
2
3
6
3
13
7
4
10
8
16
6
1
18
17
5
1
15
5
14
8
5
9
8
18
9
15
13
3
4
1
11
18
13
5
0
12
12
2
8
1
9
1
14
16
0
8
4
10
6
5
3
10
7
12
17
15
0
3
9
5
1
1
15
2
15
11
12
10
7
13
4
5
13
15
15
0
7
9
6
17
4
12
16
17
5
15
10
9
16
13
11
13
6
15
3
6
7
5
2
12
16
7
9
3
11
8
9
5
4
0
2
16
10
16
3
8
3
12
5
13
7
17
6
4
12
12
7
17
15
10
16
15
18
13
10
14
15
1
15
12
15
8
10
12
12
2
17
12
1
5
7
14
3
7
10
16
15
17
3
18
9
17
18
4
15
7
2
14
13
0
8
13
0
11
2
17
2
3
11
11
18
17
18
9
11
10
4
15
17
15
16
10
17
10
10
7
13
9
1
4
8
14
12
6
6
16
11
7
10
14
10
16
11
12
2
16
2
14
0
1
0
3
7
8
3
11
0
2
1
17
15
2
1
10
3
1
12
5
1
4
2
3
12
3
5
9
10
1
8
4
14
4
6
6
15
17
4
8
5
1
15
13
12
8
5
12
2
6
16
16
2
7
6
13
5
8
2
11
18
16
3
5
17
18
14
4
2
0
7
5
2
16
8
11
18
7
3
2
0
3
9
9
10
4
18
0
8
14
13
5
18
9
9
1
10
14
11
2
1
10
8
15
1
0
8
4
14
6
14
15
4
7
8
5
13
9
16
13
4
9
15
18
13
14
8
14
0
17
1
16
14
11
4
11
13
6
2
0
16
0
18
18
1
14
7
1
18
5
10
12
16
18
16
9
6
14
10
0
13
15
0
9
16
0
14
7
6
9
9
13
6
5
11
14
9
