19
71
42
47
9
19
18
31
73
26
37
50
25
68
40
35
39
6
5
23
5
9
1
2
8
20
66
59
17
13
29
33
71
65
14
46
69
33
58
44
16
30
12
73
61
7
46
20
20
40
52
17
68
38
4
38
36
1
44
23
65
5
32
49
49
13
58
57
41
44
26
43
17
51
20
27
4
1
58
7
63
69
40
66
39
29
36
10
3
48
2
45
27
54
35
60
10
53
56
69
42
17
44
64
1
7
38
15
46
27
33
56
57
32
34
13
14
41
18
7
31
19
1
55
52
15
63
34
5
30
69
38
44
13
25
30
46
53
25
48
18
49
36
52
45
64
52
46
28
51
31
6
63
35
17
51
31
16
53
9
0
66
17
4
42
24
65
50
47
44
39
67
16
8
54
71
18
58
61
4
29
18
40
67
17
60
37
5
49
38
6
13
27
51
49
30
6
72
47
41
60
73
37
68
34
1
73
57
15
51
25
65
56
54
14
62
32
22
72
21
6
23
30
64
12
33
54
25
31
8
28
24
66
72
61
37
13
67
35
73
28
42
15
54
43
23
37
47
62
11
70
34
12
56
21
54
46
22
19
31
26
50
48
29
21
37
16
12
62
55
45
24
8
65
59
35
62
26
37
68
62
57
9
66
50
26
23
10
42
2
29
57
55
59
63
29
43
11
16
4
52
23
12
47
53
45
11
43
2
71
22
68
10
55
10
21
59
19
53
24
11
68
63
25
29
1
19
71
52
10
58
6
3
33
47
15
22
31
59
45
65
69
70
35
73
20
51
59
11
41
43
28
68
20
28
27
40
24
36
4
40
58
21
11
10
38
32
48
32
50
63
46
36
34
70
61
22
48
42
54
9
58
52
67
21
7
21
6
61
57
41
51
60
67
39
70
55
50
28
9
62
39
59
43
5
2
24
3
60
41
41
12
55
30
66
39
67
64
48
27
45
8
60
50
34
72
11
40
70
27
71
36
69
61
32
24
65
25
70
28
72
53
26
63
13
62
22
72
56
57
73
14
39
56
30
34
3
7
49
19
9
33
66
16
56
3
42
32
23
49
2
71
55
3
69
64
47
43
12
26
15
7
53
20
16
18
4
45
5
15
38
36
8
60
14
64
33
67
64
72
3
14
48
61
44
22
35
8
2
14
70
18
