3
10
3
0
10
1
5
8
11
9
6
3
7
10
6
3
2
5
8
1
3
0
8
7
1
5
2
2
10
3
3
9
2
6
7
1
4
1
10
8
2
11
6
1
8
8
9
5
8
3
2
5
11
7
6
6
4
2
11
6
7
5
8
4
5
7
8
5
11
8
8
8
10
4
11
10
1
6
0
1
8
1
1
11
4
6
4
10
2
5
3
1
4
3
5
10
7
2
8
9
10
2
8
3
2
7
9
10
11
0
7
1
5
5
5
2
8
7
1
9
2
1
0
7
4
0
1
5
3
4
7
8
11
4
10
10
2
3
4
1
7
6
6
11
1
11
3
1
2
9
10
10
7
4
10
6
3
9
10
11
2
4
2
6
9
4
0
3
11
10
5
1
2
5
7
9
5
3
1
4
6
10
10
6
9
7
11
11
11
5
3
7
8
9
10
7
10
9
3
8
9
2
10
9
5
0
9
2
6
6
6
7
1
8
11
8
2
8
1
7
7
10
4
6
2
7
4
2
11
5
6
9
8
3
6
9
2
7
7
10
11
7
10
2
5
9
9
9
9
9
9
1
5
6
4
7
5
11
8
3
2
11
4
8
5
6
6
11
11
11
0
11
3
8
2
6
3
9
1
7
6
2
10
2
3
1
6
9
11
11
11
7
9
8
6
4
11
11
3
0
2
8
6
1
6
11
5
4
8
3
9
1
2
3
5
3
7
4
1
11
1
3
9
9
10
1
4
3
4
9
9
8
1
7
5
2
4
7
2
6
4
8
7
11
6
10
8
10
10
5
7
10
7
2
8
4
6
6
6
4
4
4
8
5
2
8
7
7
10
10
7
9
11
5
7
8
10
8
10
2
4
0
3
9
9
8
4
11
3
8
6
7
4
1
7
7
10
1
3
2
1
2
2
6
4
10
1
11
5
6
4
11
9
4
4
4
5
5
9
1
2
9
8
10
5
2
8
2
1
9
4
3
5
2
11
6
3
4
10
6
6
2
7
10
11
9
4
3
11
5
3
7
9
5
5
3
1
3
5
9
5
0
7
0
8
4
1
3
7
6
1
0
4
11
4
11
10
6
10
10
3
1
10
11
1
0
2
9
5
6
3
5
8
11
6
8
3
11
1
1
8
4
3
5
0
5
5
0
9
9
1
3
