13
6
3
4
1
5
9
6
1
7
3
9
7
9
10
7
12
8
5
10
8
13
6
10
4
1
13
14
5
1
11
7
12
14
10
11
3
11
7
2
11
9
3
0
2
3
2
11
6
11
13
6
14
3
2
7
7
12
13
3
4
1
1
7
6
6
12
14
11
13
9
14
13
6
6
10
6
10
8
8
5
5
6
3
4
1
3
2
8
6
8
12
10
2
2
9
14
13
2
0
1
14
11
10
14
9
4
5
9
14
6
3
5
12
14
13
12
5
12
4
14
0
5
5
12
9
11
3
5
12
11
13
14
4
13
1
9
5
14
8
4
11
6
3
12
7
2
7
8
11
1
12
12
2
2
11
5
12
13
13
3
3
11
6
1
10
12
5
12
5
8
4
9
4
12
11
4
6
9
9
2
9
12
13
10
7
2
7
11
6
8
3
5
5
9
7
4
14
1
2
7
6
14
11
7
11
4
8
2
5
8
11
1
11
12
1
5
12
6
1
5
6
2
11
3
8
12
1
10
10
7
9
8
2
12
13
10
8
1
10
8
10
5
5
10
7
7
4
8
13
2
10
2
2
6
11
7
5
4
4
8
14
10
12
13
4
14
3
11
8
3
9
2
12
12
7
6
3
3
10
4
4
9
3
7
13
3
9
1
9
6
5
8
9
7
10
3
2
13
3
4
5
2
7
4
9
12
3
13
13
4
4
1
9
10
9
11
14
7
14
11
13
11
14
2
2
3
4
0
14
13
5
4
5
7
0
14
8
13
9
7
13
7
1
13
10
14
11
4
8
8
10
12
10
7
14
14
10
7
4
7
2
7
12
0
5
14
13
6
6
14
1
9
10
2
11
4
11
7
6
2
2
10
1
10
8
4
12
4
1
12
0
9
1
5
6
3
1
1
10
3
8
14
2
8
8
11
7
9
14
8
12
2
1
14
5
6
6
9
11
3
7
8
14
11
9
3
8
6
2
0
1
4
4
13
11
9
13
5
2
6
6
1
3
9
8
4
7
2
13
5
10
13
3
9
8
10
13
6
12
4
9
10
6
5
14
13
10
14
5
5
5
11
3
14
1
4
11
1
13
14
12
8
10
1
6
3
2
7
12
1
3
1
6
2
10
3
8
1
9
9
1
11
14
4
8
13
12
13
8
10
12
