11
2
8
5
1
6
14
5
4
3
0
2
1
1
9
6
10
3
5
3
10
13
13
10
3
7
14
12
8
11
7
9
3
7
4
0
7
2
0
6
14
2
6
11
2
15
13
14
6
6
11
15
3
8
3
11
6
15
1
15
3
10
1
6
15
8
9
13
7
5
4
4
8
4
7
6
15
10
11
10
4
0
4
13
9
6
15
12
3
5
13
9
8
15
11
7
8
12
15
11
12
2
15
2
6
0
6
14
10
3
13
1
14
0
2
14
12
15
3
11
10
14
12
7
9
6
15
8
2
14
15
13
15
7
3
3
11
6
5
1
7
1
4
7
9
5
15
14
8
3
11
8
11
12
9
0
8
3
14
4
5
5
4
14
4
13
9
6
14
4
4
3
2
6
0
2
6
3
15
13
2
10
5
0
15
15
10
14
11
10
5
10
0
11
5
6
5
12
7
4
6
9
8
6
9
7
4
7
12
2
1
12
4
10
8
8
14
7
10
11
6
12
2
9
2
13
8
13
3
2
9
11
8
4
11
6
13
4
9
0
6
5
15
8
11
6
8
13
12
12
7
11
14
10
1
8
10
13
5
14
4
14
1
0
15
11
5
2
13
8
1
12
7
15
13
9
6
9
8
12
8
7
6
13
7
14
11
13
3
1
3
13
1
12
9
4
7
5
15
8
5
10
4
2
5
10
14
11
7
1
3
7
12
0
12
14
2
1
10
8
1
15
3
5
13
12
14
9
12
9
0
9
10
7
3
8
6
3
8
1
14
5
1
10
11
15
7
6
1
3
11
6
1
12
2
7
14
10
3
1
3
8
13
14
0
15
13
1
9
15
4
3
1
12
5
2
15
13
4
11
14
14
15
5
1
2
14
1
9
4
1
9
11
10
5
10
14
12
5
12
6
3
2
10
5
8
4
7
1
11
9
11
10
5
15
14
4
10
13
7
10
2
7
13
6
9
6
8
1
5
9
13
12
3
0
1
1
7
11
2
3
9
11
12
5
1
7
11
14
4
13
15
12
5
9
9
12
8
13
7
4
9
2
14
12
13
4
15
8
9
2
9
1
6
12
7
2
4
12
11
4
14
2
3
13
2
10
5
13
2
13
7
5
4
10
11
10
10
10
12
9
5
15
12
2
15
2
8
8
3
0
4
