27
183
148
30
81
77
171
250
9
78
188
215
1
143
178
99
173
82
32
212
26
34
233
143
46
196
87
83
180
137
2
252
44
93
240
188
225
8
253
55
13
97
255
152
140
205
124
210
238
63
179
162
31
52
220
209
100
149
215
251
72
202
36
122
145
116
235
104
248
173
116
45
29
132
129
155
88
79
159
103
65
50
234
249
181
51
223
163
83
25
42
47
164
31
98
40
160
234
174
191
207
233
86
57
141
79
84
98
159
20
7
184
91
168
222
218
66
76
208
231
74
120
16
71
184
22
195
246
67
94
91
235
14
114
148
115
17
67
194
90
14
55
61
162
48
90
135
78
237
119
123
20
232
111
244
131
66
238
93
54
34
102
131
171
2
145
118
191
138
45
37
154
229
10
243
137
38
109
220
101
41
167
126
241
82
42
219
134
195
19
164
59
77
185
241
236
62
247
156
21
256
167
113
4
176
107
73
202
157
139
225
197
44
28
217
204
120
203
204
24
60
219
212
17
210
231
71
30
110
49
253
182
147
242
229
18
181
50
236
197
95
230
180
237
169
112
193
85
168
166
61
179
196
192
136
102
96
227
175
207
63
158
153
192
255
174
186
26
119
128
25
3
206
56
149
58
130
10
22
96
154
49
128
69
97
165
166
95
256
65
12
249
150
177
189
41
240
213
114
89
32
222
214
51
80
84
206
146
94
8
247
11
28
80
47
125
199
133
228
6
139
223
23
132
178
170
59
230
205
39
70
134
227
88
244
216
239
54
129
58
194
29
142
121
74
185
200
144
21
160
177
70
182
125
117
186
81
99
239
216
251
89
6
124
9
15
189
165
1
105
151
53
187
228
113
69
208
130
169
13
68
170
221
163
111
101
201
243
23
73
232
135
127
141
198
246
221
161
24
214
85
122
100
33
117
157
62
92
11
245
16
190
87
64
106
110
107
133
56
46
104
254
217
48
19
123
226
190
175
203
5
193
242
152
183
213
226
138
136
39
126
151
3
76
211
36
109
115
33
155
68
176
140
172
121
12
35
118
53
248
35
127
86
106
187
64
156
72
218
112
252
211
105
75
27
4
146
250
199
150
161
153
147
108
18
7
245
75
57
5
198
200
254
43
37
224
142
209
103
43
158
15
144
108
201
40
60
38
224
52
172
92
