10
11
0
6
5
10
11
3
2
8
4
4
9
9
6
11
9
2
8
6
3
4
5
9
8
5
11
3
4
7
1
9
7
3
9
10
2
8
10
0
8
11
12
12
5
1
8
6
11
8
5
6
0
0
9
0
1
12
12
3
7
8
11
6
9
1
10
7
5
3
4
11
9
1
5
5
3
2
7
5
0
7
12
3
1
7
7
12
5
1
5
2
10
6
6
0
6
9
4
1
7
9
10
3
6
3
7
1
8
3
10
6
1
4
11
11
6
8
9
12
5
6
3
12
1
9
6
2
10
11
9
6
0
12
5
2
12
4
11
5
12
7
11
12
11
5
11
8
0
5
4
0
7
10
6
5
1
3
11
8
0
4
4
11
8
11
11
2
11
9
1
7
9
10
12
7
6
3
5
4
8
0
8
1
4
2
5
6
11
2
11
8
4
6
9
5
8
1
1
8
6
5
10
4
0
10
11
7
12
8
8
3
2
2
4
4
6
6
6
9
6
1
12
6
1
8
3
4
2
10
9
12
0
3
3
10
3
10
3
8
0
8
10
10
10
7
7
12
10
12
7
11
4
4
12
10
8
5
12
11
7
5
10
2
2
7
12
3
8
10
4
8
11
11
12
1
7
3
1
6
5
7
6
6
1
11
9
10
0
9
3
8
1
4
6
0
2
12
3
2
6
12
5
2
1
2
10
10
11
3
10
2
7
2
0
8
10
5
3
0
10
4
7
5
11
3
2
0
10
11
0
7
11
9
2
4
6
8
9
2
7
4
4
5
2
2
0
12
1
2
9
11
12
10
10
6
3
0
7
3
6
1
5
12
9
7
5
3
5
1
6
10
12
9
7
7
4
9
9
1
2
3
2
1
7
1
10
11
2
0
3
11
5
1
8
7
7
12
6
0
6
7
0
8
4
9
10
12
11
7
5
7
8
4
5
2
9
9
4
9
9
2
3
9
0
9
7
4
5
3
7
2
4
2
1
9
4
6
8
10
12
8
1
0
1
3
10
2
12
6
3
3
2
1
8
0
3
7
12
4
12
5
4
3
4
0
12
8
10
1
3
11
8
6
1
8
12
11
12
1
10
5
9
8
1
4
9
4
5
12
8
1
5
2
0
2
2
0
9
4
10
9
5
7
12
11
1
11
2
4
6
12
