7
10
5
1
5
10
5
5
11
8
4
2
10
5
0
11
3
10
9
9
10
0
0
8
1
2
3
4
9
3
9
8
10
2
6
9
4
1
4
10
3
1
9
4
2
3
3
2
1
6
9
7
3
7
2
2
11
4
0
8
1
11
8
11
7
1
3
2
4
8
1
10
6
11
2
11
2
0
11
3
6
10
3
4
9
7
0
4
6
2
10
11
1
0
9
7
0
3
1
8
6
8
1
2
5
5
1
8
0
0
7
0
3
6
3
1
10
2
7
7
4
11
3
11
4
8
2
4
6
2
10
3
3
5
8
8
7
0
8
6
2
9
5
7
9
10
8
4
1
0
3
1
11
7
6
2
0
1
4
1
2
5
5
6
10
0
11
3
3
1
3
7
1
1
11
11
5
11
11
4
1
8
4
10
10
11
7
8
6
2
8
9
9
4
1
9
2
0
7
10
11
2
9
4
8
1
7
5
6
5
7
0
3
11
11
1
5
6
8
3
10
10
7
9
7
0
1
0
0
9
5
9
8
1
1
10
6
11
2
11
11
9
6
9
4
9
2
7
11
4
2
7
8
10
5
0
11
10
7
5
5
6
9
2
10
11
7
3
8
5
11
8
0
10
7
5
8
10
6
4
7
11
7
4
9
2
9
1
5
10
1
10
10
6
2
10
11
8
4
10
1
6
3
8
11
7
5
3
7
8
6
2
9
4
5
0
0
1
5
10
6
0
11
1
2
3
8
0
4
8
9
9
4
11
3
10
6
6
5
2
4
8
0
3
7
8
6
3
4
4
10
7
0
4
3
2
6
6
5
6
5
8
7
2
2
5
6
2
6
3
4
7
5
9
11
3
3
3
3
6
3
5
6
9
6
6
11
10
10
11
9
8
7
7
8
4
2
8
2
8
8
9
5
5
3
0
10
11
4
7
5
3
2
10
3
6
10
10
8
6
4
9
4
2
11
7
3
11
2
9
2
1
1
5
0
1
6
3
8
4
9
4
6
11
10
1
7
0
2
1
5
0
0
9
1
4
7
7
5
6
1
7
0
0
8
4
3
9
6
8
7
6
5
7
9
4
8
9
2
9
11
1
4
7
0
9
5
8
0
5
1
10
10
9
5
6
0
1
3
11
1
11
10
5
0
4
9
2
9
4
6
5
