7
0
12
9
6
4
7
9
1
11
4
9
12
3
5
11
1
11
1
9
10
11
8
0
1
12
6
7
7
10
4
12
10
12
3
1
0
4
9
4
10
7
7
5
2
6
8
4
9
8
2
9
8
5
0
5
7
10
10
5
8
4
7
4
2
5
4
1
1
6
5
10
10
2
9
11
11
5
7
5
11
9
5
2
7
2
6
6
5
9
5
6
6
6
9
8
1
8
3
5
11
5
6
9
7
7
5
4
1
3
4
7
2
6
4
10
10
5
4
10
5
12
4
10
6
11
0
8
9
11
2
1
5
7
3
1
7
10
2
6
8
9
4
12
3
4
10
10
3
11
8
6
1
10
4
4
1
4
12
8
9
7
6
5
10
10
9
1
0
9
11
9
1
8
10
3
6
1
5
0
3
7
3
1
9
4
8
6
10
12
1
2
11
3
8
11
7
3
10
3
1
12
0
2
6
12
12
5
2
9
12
3
11
9
3
9
6
4
7
8
7
2
4
12
10
10
8
4
4
2
10
9
10
11
2
0
6
2
11
0
9
3
9
9
8
2
7
4
3
12
1
2
2
8
5
10
3
7
11
8
2
11
8
11
5
3
5
12
7
7
7
2
2
3
9
6
6
6
0
5
11
0
1
1
2
8
4
5
10
12
4
6
1
3
11
12
12
8
3
12
7
12
1
7
11
10
6
3
2
0
9
10
9
10
6
5
6
1
8
4
1
5
3
12
0
4
1
10
8
11
3
8
7
6
1
0
8
11
2
4
12
2
5
2
4
9
10
3
3
11
9
9
1
8
5
1
1
6
7
12
4
9
4
4
5
2
11
10
8
4
7
6
7
1
6
2
8
7
3
10
1
2
3
2
9
3
4
1
1
5
8
11
2
11
5
6
1
4
5
11
8
8
2
11
7
3
3
3
3
5
12
10
8
11
7
9
8
9
12
12
8
3
7
4
8
9
1
12
11
12
6
8
6
6
7
4
0
9
7
12
12
8
10
12
8
5
5
6
11
11
7
10
1
6
6
1
3
0
10
12
12
3
2
5
9
12
7
5
11
12
1
9
6
7
2
10
4
10
11
11
0
12
8
2
2
11
12
3
9
10
5
2
2
6
8
0
11
5
3
3
1
0
2
11
12
4
12
6
12
7
2
3
