4
2
6
10
2
0
6
2
12
4
5
8
4
2
12
11
3
11
9
2
7
7
10
11
11
6
5
9
0
10
10
11
12
1
0
1
4
3
6
3
2
6
5
5
3
11
8
9
10
9
1
9
4
11
10
11
8
1
7
6
6
2
1
4
12
5
11
11
0
8
4
3
8
7
8
11
1
12
4
5
12
1
0
3
10
1
11
7
3
0
10
8
6
12
6
11
3
2
1
9
8
11
1
4
5
9
2
7
2
3
2
8
2
11
12
0
3
11
0
4
6
5
9
12
1
7
6
12
0
6
12
10
1
8
6
7
10
4
12
7
8
4
6
7
6
5
7
8
10
8
1
9
5
12
10
12
10
8
8
6
1
6
3
9
2
12
5
9
7
9
11
0
7
9
1
4
5
0
5
0
3
1
6
3
9
12
12
2
7
9
8
8
5
11
2
4
10
7
6
10
7
4
5
9
8
0
11
3
8
12
7
4
3
5
5
7
7
10
4
11
10
12
0
5
10
2
2
4
1
6
9
5
2
9
5
0
10
8
1
2
10
3
3
9
1
7
2
4
3
1
3
0
4
3
12
9
