11
12
8
5
10
1
6
15
23
6
9
7
22
22
1
5
13
16
22
20
21
3
21
14
19
2
18
6
12
24
19
24
16
25
19
3
9
18
23
10
7
13
21
13
22
15
16
9
25
3
3
17
1
25
4
6
11
25
7
10
14
1
2
5
24
20
18
12
5
19
3
20
6
21
24
2
7
7
0
0
12
13
8
17
3
14
2
17
20
1
11
0
22
13
21
22
20
22
2
6
3
5
17
23
9
21
18
13
22
16
1
19
2
14
25
17
15
16
14
4
16
6
19
9
3
23
6
10
22
5
5
4
9
16
1
15
8
0
15
1
12
21
9
8
7
23
19
18
15
19
23
7
22
23
15
4
13
7
14
9
7
14
5
13
8
13
24
10
2
19
16
11
24
19
2
18
10
18
17
20
12
11
20
15
3
12
21
9
14
4
24
25
17
15
17
5
23
0
24
14
8
18
3
4
25
8
10
15
20
12
21
13
8
18
4
11
20
12
12
21
11
11
4
17
9
8
11
2
2
10
5
24
10
23
10
23
20
25
14
6
18
4
4
25
6
8
7
25
24
17
1
16
1
0
16
11
