14
10
19
8
9
4
0
11
13
19
8
17
2
20
7
20
10
8
1
4
14
18
11
6
21
21
13
2
18
10
5
10
7
5
2
8
20
7
21
20
20
1
15
11
14
20
19
3
15
3
18
15
16
6
12
11
8
3
16
21
18
10
19
8
9
15
1
18
5
18
11
4
15
4
6
14
21
17
10
12
17
16
7
19
18
9
1
12
10
7
8
6
19
9
2
12
9
16
13
6
21
0
0
1
16
3
17
7
9
6
15
5
5
21
19
14
14
6
2
8
19
11
6
10
19
4
2
6
7
16
14
15
4
10
18
11
11
12
17
7
1
1
18
2
16
4
16
16
1
3
10
21
3
19
9
1
5
13
11
17
19
4
1
13
8
3
1
7
13
20
13
12
5
2
14
2
18
18
2
15
14
13
5
9
8
13
15
11
17
20
21
16
3
15
7
6
5
15
9
6
17
16
2
1
12
6
21
10
17
12
12
10
12
14
20
9
4
13
4
21
13
3
8
8
7
16
0
3
12
15
3
5
4
13
20
17
20
5
17
19
5
18
3
9
14
7
2
14
4
20
11
11
17
12
9
21
