13
12
12
1
3
7
13
10
5
10
5
4
4
14
12
7
10
10
7
7
9
10
10
9
3
12
14
12
5
14
13
8
3
9
6
8
2
6
4
7
13
7
10
8
9
7
6
4
8
14
1
9
11
3
12
2
5
8
1
9
11
3
7
2
2
12
4
7
14
2
5
14
2
2
4
7
5
3
13
13
8
12
8
5
6
6
7
6
5
10
13
0
8
10
6
1
2
11
8
2
5
10
5
2
7
1
10
4
11
1
13
14
3
0
1
9
2
12
11
6
1
8
11
11
7
12
2
12
9
8
14
4
14
5
2
11
1
14
11
4
2
4
12
1
11
8
9
5
9
3
3
13
9
4
11
14
8
9
12
5
4
13
3
12
9
11
10
6
12
6
6
13
3
5
7
9
14
4
1
13
5
1
1
11
1
11
3
8
7
5
6
4
4
12
10
0
9
1
10
1
10
2
14
6
14
11
5
8
4
13
6
4
8
12
13
3
3
6
3
6
4
9
14
1
3
10
13
13
7
14
6
9
8
1
6
2
13
11
13
14
11
9
3
10
11
3
7
2
5
0
14
8
2
7
10
12
