15
13
18
19
28
21
21
13
26
22
28
15
1
13
32
12
13
20
20
25
11
8
7
9
9
32
29
19
15
31
19
32
3
21
15
2
9
26
19
10
4
16
16
3
15
29
9
8
5
5
6
29
29
18
9
4
24
27
5
12
27
14
1
7
4
27
2
17
1
12
18
18
14
31
17
3
23
23
4
19
5
28
31
26
28
21
29
23
12
25
11
16
22
8
22
15
26
6
26
1
5
2
3
31
26
14
20
23
30
11
14
17
8
30
31
2
16
30
25
7
17
28
18
7
16
32
18
3
14
15
11
17
20
7
25
27
30
12
4
17
1
16
20
8
21
22
23
1
31
11
32
14
30
5
27
11
6
2
6
11
16
13
6
31
28
18
5
23
3
19
3
12
22
8
2
1
21
8
10
25
24
22
26
18
6
10
7
20
4
24
28
30
24
32
7
24
10
10
17
10
8
27
3
29
26
9
13
5
2
13
24
4
22
14
7
19
16
25
4
1
12
29
32
20
9
12
22
23
20
25
6
9
6
27
30
29
2
23
27
21
31
24
24
17
11
30
10
14
10
13
21
25
28
15
19
32
