1
17
5
15
4
10
8
13
2
9
9
1
4
2
9
13
17
13
4
3
6
14
16
11
17
16
4
6
13
6
14
14
12
7
15
12
8
9
7
13
1
15
15
6
7
7
4
3
11
0
14
4
7
11
16
3
15
17
9
5
8
14
7
13
4
2
4
11
3
17
17
11
8
15
11
6
1
9
2
1
8
9
5
16
10
13
8
12
12
15
5
9
14
11
5
3
9
12
8
1
8
4
16
2
11
14
10
16
8
13
17
8
15
16
12
17
14
12
9
6
10
10
2
13
3
8
1
8
17
6
1
15
9
15
11
10
16
10
9
15
5
14
6
6
7
7
1
1
15
8
8
13
7
2
7
12
5
2
1
6
5
12
17
5
15
6
5
5
13
3
16
10
14
3
11
11
13
11
1
2
12
12
2
3
6
4
6
5
10
4
10
5
14
2
11
17
15
7
3
5
4
16
9
17
12
7
11
2
9
12
2
17
7
6
13
14
9
3
10
2
12
17
15
16
13
14
4
4
1
8
1
16
16
10
16
10
17
13
2
10
3
12
11
3
3
6
10
7
4
5
1
14
3
7
14
16
