30
47
46
49
56
16
28
19
28
13
52
26
38
58
29
64
19
13
64
46
54
62
7
36
44
48
5
60
44
59
36
33
2
50
41
12
41
61
15
53
40
33
45
50
42
55
59
42
6
43
2
57
13
39
57
1
22
34
34
37
25
24
56
61
7
22
55
43
3
22
56
18
27
36
52
32
42
63
54
1
31
51
35
20
42
58
3
62
63
63
57
37
29
17
45
60
60
40
10
9
27
53
29
49
17
6
20
8
20
61
38
34
52
4
39
29
15
46
5
10
21
17
57
50
56
47
43
17
38
50
2
31
7
53
16
4
38
18
21
45
54
9
48
16
47
30
39
14
58
39
59
35
18
1
1
27
26
23
34
49
9
12
8
3
37
23
23
22
5
12
23
51
48
24
40
27
5
33
32
3
15
7
10
14
61
59
52
25
11
10
25
8
4
33
64
32
48
24
9
45
13
31
2
21
51
54
36
28
8
6
35
43
28
4
24
55
58
63
51
60
16
64
40
20
37
62
18
25
47
55
11
49
11
19
12
30
44
35
21
41
26
26
14
19
15
6
62
31
11
30
14
41
53
44
32
46
