1
12
6
12
7
3
2
1
5
9
2
3
3
7
14
11
1
10
13
19
0
5
1
5
6
7
12
6
12
5
6
16
3
0
16
0
1
14
16
6
4
13
9
9
14
10
17
11
10
13
15
9
10
5
1
19
4
15
9
7
11
3
10
2
12
4
5
12
16
19
2
13
19
7
16
15
19
2
17
19
13
18
17
13
4
7
6
2
7
19
10
13
13
17
2
11
1
15
14
4
6
6
11
9
2
4
17
8
3
11
1
18
9
5
5
3
16
10
15
16
11
12
7
8
18
11
19
12
18
2
3
0
7
6
18
3
10
16
19
3
4
2
13
17
14
15
17
18
4
8
13
8
14
14
3
11
1
8
5
12
6
18
18
14
13
2
5
15
16
18
4
15
19
18
14
19
11
1
16
9
9
7
15
17
15
2
7
16
9
12
11
14
1
0
10
1
6
6
5
0
12
4
1
14
17
4
16
14
8
19
9
3
12
8
0
5
6
11
4
0
19
14
10
15
7
13
17
17
15
4
5
18
18
9
18
11
17
13
12
0
10
8
7
3
10
15
8
8
2
8
9
16
10
8
8
17
