10
16
12
11
19
12
21
8
12
5
14
10
1
9
5
2
3
13
15
8
13
21
17
15
20
7
4
3
23
19
12
20
17
3
11
11
15
1
7
1
5
21
3
14
12
15
7
17
4
9
16
9
5
6
10
19
18
23
3
4
20
9
11
9
12
5
14
7
8
11
18
7
6
23
12
18
11
2
12
10
7
2
10
15
15
18
21
2
11
20
8
15
20
18
17
1
14
23
3
15
7
10
9
21
16
22
20
9
23
19
12
4
8
17
9
22
19
21
4
8
3
4
15
1
2
12
8
17
18
7
10
0
16
1
6
16
13
16
13
20
15
21
16
4
18
10
6
14
10
23
14
22
12
20
0
11
11
7
13
6
1
16
0
18
2
23
8
9
7
13
23
17
2
18
2
9
23
13
10
21
17
8
13
13
2
19
8
22
16
14
22
20
19
22
6
19
4
5
23
16
4
20
6
19
6
1
14
15
1
2
10
9
11
3
17
4
21
5
22
5
18
5
14
6
23
1
22
21
5
19
3
21
19
11
5
22
3
14
8
17
16
6
3
4
13
14
2
13
17
22
22
18
1
20
7
6
