20
30
33
6
26
0
38
21
33
38
23
4
14
7
33
15
1
14
1
42
29
0
29
7
20
24
7
24
21
8
8
17
37
16
30
27
12
32
34
16
8
39
31
41
26
5
29
42
11
4
23
23
25
37
36
22
7
13
33
5
18
21
9
9
17
26
3
8
2
19
9
16
34
26
33
17
5
17
36
35
8
39
20
32
26
20
28
2
1
18
16
0
4
18
4
0
1
36
21
2
25
9
11
12
2
32
42
41
24
3
10
3
9
15
25
38
15
24
35
41
28
6
11
18
42
19
31
24
40
28
13
38
32
6
30
12
28
13
3
36
39
22
36
35
28
24
11
37
29
17
32
40
1
5
37
41
19
12
22
5
21
1
28
27
27
19
34
18
38
40
7
8
3
13
22
6
16
14
36
6
37
10
41
9
16
41
30
18
3
39
35
34
39
10
30
10
22
7
20
29
31
40
27
15
6
26
14
13
42
27
25
21
31
29
11
14
22
23
12
40
23
25
12
11
27
20
31
15
40
34
23
4
2
4
19
33
25
32
10
30
14
38
10
35
42
34
35
15
39
13
5
2
17
31
19
37
