10
5
2
3
3
0
1
7
4
12
13
13
4
12
6
2
13
4
11
2
12
5
8
9
7
6
3
7
12
6
8
2
11
9
10
5
6
13
7
1
5
7
12
10
1
9
10
2
3
11
13
10
6
7
6
12
1
13
11
8
3
1
6
12
9
5
13
4
8
2
2
0
7
12
8
10
9
0
2
3
3
12
2
1
8
9
4
13
7
13
1
11
7
11
1
5
5
9
10
10
6
2
4
6
8
1
10
4
4
10
10
7
5
12
9
0
4
5
1
11
4
1
2
9
8
3
10
13
2
6
5
13
4
7
6
12
8
5
6
11
5
11
3
1
3
11
0
11
13
10
4
8
7
9
1
5
9
0
3
11
8
0
10
9
10
13
5
1
11
4
5
9
9
3
6
8
10
9
12
8
12
7
4
9
4
7
12
9
5
13
10
8
2
6
6
1
11
13
2
11
7
12
13
5
5
2
8
13
12
6
9
11
3
1
0
6
12
13
2
11
4
3
7
6
8
12
2
7
3
8
9
3
8
3
2
4
5
7
3
1
0
1
3
12
4
4
6
8
2
11
10
13
1
7
11
10
