16
11
14
1
6
16
7
2
11
2
5
11
3
8
2
1
13
13
13
6
4
10
10
16
12
1
12
7
13
14
5
12
13
1
6
13
5
5
5
2
15
5
9
13
14
16
9
10
11
9
13
8
11
16
10
12
11
8
7
2
5
9
6
11
3
16
12
7
9
6
7
10
2
11
7
12
3
4
12
16
5
5
13
3
16
15
9
4
7
9
3
4
4
5
14
15
8
1
3
1
10
4
10
9
1
7
9
9
5
6
1
15
1
4
14
9
14
9
10
4
13
1
10
3
14
8
8
16
2
15
4
12
6
14
12
11
16
14
16
14
4
15
12
16
13
15
16
7
10
13
7
2
6
9
4
6
9
15
5
12
12
6
12
6
6
3
3
15
14
15
6
11
2
2
16
2
13
6
11
8
4
10
3
8
2
7
3
3
9
15
10
6
8
14
15
12
1
1
4
14
11
1
8
15
8
3
8
1
5
8
7
7
9
7
11
3
15
10
8
13
5
11
8
2
10
7
1
2
5
6
4
8
1
3
10
4
12
12
16
13
2
11
5
7
14
14
4
2
13
11
16
14
15
15
3
10
