26
14
32
13
2
22
17
26
11
32
10
20
24
8
15
1
13
29
21
0
11
1
6
14
21
25
35
6
16
29
29
33
29
7
10
26
15
20
30
25
3
17
18
30
33
23
35
8
12
32
0
31
18
13
32
30
4
8
35
1
6
33
34
3
29
22
1
10
20
16
9
17
8
10
21
7
25
15
36
30
7
16
12
29
20
4
25
10
9
18
27
2
13
34
34
8
27
23
24
36
18
19
14
19
23
28
30
29
4
19
1
24
33
4
5
4
28
2
11
21
0
2
7
28
3
33
27
4
19
4
13
2
7
32
16
14
5
6
7
24
35
14
7
25
11
24
9
17
20
16
14
11
3
15
13
33
30
36
5
27
34
5
36
23
10
36
23
31
26
21
22
36
34
6
25
23
11
31
2
9
35
20
12
32
26
31
6
22
1
32
3
23
35
33
31
17
5
12
15
22
18
18
12
16
24
34
25
26
36
8
9
24
17
15
34
22
28
0
3
5
22
9
19
1
31
12
2
9
27
6
28
20
30
28
27
15
14
10
12
21
27
26
31
16
11
28
35
17
8
19
21
13
5
19
18
3
