31
35
16
40
32
4
10
28
49
51
50
19
27
4
4
8
15
48
31
23
0
6
48
23
45
10
37
37
46
14
32
47
11
47
49
39
25
43
44
42
40
45
48
3
12
9
20
24
30
44
34
39
25
22
51
10
34
1
24
41
25
15
14
16
2
7
24
38
12
5
23
2
39
20
13
19
17
47
17
4
40
29
33
45
13
47
23
30
24
33
12
43
22
14
36
3
19
5
42
51
16
49
40
33
11
43
8
11
31
28
6
50
50
44
38
46
2
30
35
5
1
37
36
39
25
27
8
17
38
44
3
41
9
38
24
15
43
21
51
22
51
21
10
26
40
29
7
46
27
7
43
29
23
29
1
21
2
37
26
1
42
7
12
44
35
45
8
11
32
26
35
28
17
1
31
20
37
34
36
9
19
50
5
5
28
15
33
9
48
46
2
22
30
18
41
15
50
14
16
9
32
34
18
22
3
46
18
16
28
29
25
21
21
13
6
35
33
27
20
13
27
49
6
36
32
17
41
20
42
6
26
10
12
11
48
3
41
30
31
8
34
4
26
42
7
47
19
18
39
18
36
45
14
38
49
13
