94
124
74
42
103
43
33
110
46
117
59
53
25
95
16
53
93
128
90
55
32
127
80
28
69
37
49
88
61
7
73
113
45
41
89
24
87
17
13
87
30
98
60
9
65
40
78
38
122
70
117
113
82
31
115
36
12
54
116
70
10
66
78
102
10
47
56
100
127
5
97
14
67
19
21
48
122
57
112
19
17
111
16
104
32
95
44
114
20
46
88
73
121
6
71
82
63
8
31
107
94
90
41
66
106
65
77
109
74
81
103
50
29
52
3
6
107
35
33
71
106
124
12
123
26
123
79
85
23
105
64
38
59
92
48
76
116
99
2
54
99
23
67
22
77
100
27
15
24
76
121
49
44
9
120
93
4
4
125
8
102
64
86
18
114
1
84
80
52
92
30
126
108
37
29
56
55
58
81
63
83
3
97
43
18
91
98
69
51
79
104
72
40
101
39
14
125
50
75
11
86
51
118
111
68
118
36
57
120
112
126
68
96
45
39
11
110
105
60
58
61
89
115
101
15
47
109
20
128
2
13
1
84
75
28
7
34
119
108
62
119
27
22
42
5
34
91
35
96
25
85
62
21
83
72
26
