5
1
1
4
7
4
3
5
6
2
1
6
2
2
3
11
10
10
6
2
5
5
6
4
3
8
7
3
3
5
6
11
8
7
11
8
3
11
11
8
6
10
8
5
8
6
10
1
3
11
1
6
4
10
7
3
1
11
5
4
4
2
4
3
4
1
2
3
7
4
11
5
1
8
11
2
6
0
11
11
5
5
4
4
6
5
7
1
5
5
1
6
2
2
8
9
2
7
7
9
5
2
2
9
8
10
1
5
9
8
10
8
9
7
6
10
6
10
4
1
6
6
5
3
10
2
7
2
6
4
10
5
1
7
1
3
6
4
7
9
4
10
8
10
9
11
11
4
9
11
5
8
11
1
9
10
9
3
9
7
9
11
8
7
9
5
9
2
8
10
7
9
6
8
11
2
11
8
1
10
0
7
8
3
3
10
11
2
11
9
1
9
2
7
6
1
3
8
1
9
2
10
3
9
4
11
5
7
3
2
1
10
4
10
2
4
4
9
5
9
10
4
9
10
1
2
0
2
8
5
9
8
6
6
3
1
6
8
7
7
7
8
7
5
7
6
11
1
3
4
10
11
3
3
3
4
