6
3
7
3
4
9
8
10
4
2
3
7
5
4
4
4
7
9
9
2
5
2
0
1
5
7
9
2
8
1
3
10
4
6
4
10
9
1
8
10
2
8
3
5
0
8
3
5
7
1
6
3
8
10
9
6
3
7
1
9
7
2
5
7
6
9
6
10
6
7
1
3
4
10
10
6
5
6
2
9
7
10
8
10
8
9
4
0
7
7
2
5
10
2
0
7
5
2
6
2
5
5
6
8
6
6
0
0
3
5
9
9
10
4
3
1
8
9
5
10
10
3
2
3
7
1
9
8
4
3
3
10
4
3
9
1
1
6
2
2
8
9
10
8
1
3
3
7
0
7
4
5
0
3
1
6
4
3
5
6
4
6
1
8
1
1
4
9
9
6
6
7
1
5
1
2
3
9
0
8
2
10
0
3
8
4
7
10
9
10
8
5
9
9
1
5
8
3
4
10
8
5
8
2
5
7
5
7
4
10
10
3
1
2
7
4
4
6
2
0
5
1
6
1
5
0
0
1
2
6
7
7
10
0
4
6
2
0
4
2
2
10
1
5
6
2
7
8
1
8
8
0
9
8
4
9
