6
4
6
4
1
4
7
1
7
1
9
2
3
2
8
1
1
2
5
8
7
7
1
9
5
5
2
5
1
8
8
5
9
0
9
9
9
8
2
0
8
3
1
7
6
4
6
6
7
1
5
7
4
5
3
1
4
8
2
8
4
2
5
3
8
7
4
0
2
6
3
7
4
8
4
3
1
6
7
1
2
7
9
2
8
9
2
5
9
3
6
7
5
4
7
8
9
6
4
9
1
9
8
5
6
5
2
6
6
9
0
1
3
5
8
7
1
7
8
1
5
1
9
8
3
9
8
9
7
2
3
2
5
6
1
8
7
6
1
4
3
4
5
8
3
5
9
9
2
3
6
4
9
2
3
3
5
9
6
6
6
1
9
8
3
5
2
2
8
7
8
1
7
9
6
8
3
3
6
1
9
5
2
8
6
5
7
6
4
2
1
7
2
1
7
2
5
7
4
2
5
4
2
5
4
8
5
4
5
7
5
9
1
3
7
1
3
1
5
3
7
7
8
3
6
3
4
3
6
9
2
6
8
1
3
3
4
3
2
9
9
8
6
6
4
4
4
4
7
3
6
2
9
4
4
2
