4
17
20
7
24
15
4
27
13
23
1
9
14
6
19
18
0
7
4
8
20
11
9
15
22
22
18
24
28
11
10
12
25
3
24
10
3
16
21
8
2
9
9
20
27
8
1
23
27
2
4
17
4
20
19
16
5
3
15
10
20
27
19
8
3
19
2
12
11
19
2
15
6
25
1
24
15
16
22
28
11
6
9
2
27
12
23
19
28
17
13
7
4
26
19
10
5
7
1
3
19
18
11
14
20
3
6
3
6
12
7
2
26
27
13
4
23
25
11
21
10
25
23
20
26
15
28
14
12
14
25
7
13
28
28
15
8
5
3
16
22
0
1
15
23
28
20
16
11
14
26
24
13
27
9
5
8
23
18
14
14
18
22
15
4
6
10
12
24
11
27
17
18
26
13
19
10
6
16
26
7
25
9
9
26
7
5
8
9
18
23
27
16
28
5
4
12
24
5
20
24
25
0
10
2
1
17
2
14
18
22
25
12
21
13
5
17
24
1
23
14
3
21
6
10
22
1
17
1
25
16
8
11
12
13
28
21
26
22
6
22
21
21
21
21
13
17
17
8
5
0
7
18
26
2
16
