60
55
36
56
21
26
20
66
4
69
78
68
83
11
1
69
84
5
40
48
17
42
36
33
37
78
14
62
84
12
7
76
39
15
29
40
30
81
56
80
77
63
16
38
83
63
82
14
11
18
85
44
9
15
71
80
34
42
39
24
46
6
71
70
33
47
51
67
3
39
17
58
28
65
24
50
62
75
34
26
85
54
68
3
31
7
18
49
38
67
53
23
37
34
6
4
72
65
51
55
70
61
8
43
25
46
7
15
36
17
68
59
10
45
48
27
51
70
20
75
52
22
18
85
49
47
83
80
32
5
22
82
16
10
72
59
76
2
4
61
37
57
59
0
69
55
28
79
12
79
52
45
25
35
43
21
42
41
28
13
31
1
3
41
9
12
19
73
73
31
60
47
1
81
43
73
63
67
72
57
46
79
23
82
8
71
57
22
74
24
74
62
81
35
48
5
29
66
32
76
66
54
23
44
16
27
2
49
29
30
20
64
14
21
58
26
13
38
74
30
56
2
77
53
53
45
41
19
75
35
78
6
27
58
84
64
61
11
50
32
13
10
54
65
33
25
19
64
44
8
77
52
50
60
40
9
