7
9
8
1
13
15
13
13
11
13
7
11
15
10
13
6
13
9
11
6
1
11
8
15
15
11
6
2
13
0
4
17
3
12
12
14
4
16
3
16
1
7
17
8
15
12
16
14
17
1
11
6
2
15
18
8
12
18
14
15
5
4
15
3
1
10
5
16
6
0
10
3
9
16
8
2
6
3
8
12
1
13
9
9
3
5
12
18
7
6
10
2
10
10
17
7
5
2
7
5
4
8
3
7
1
16
11
16
17
18
15
8
5
16
4
1
13
14
14
9
13
18
14
9
8
1
10
10
6
7
14
14
3
6
4
12
17
14
16
10
14
15
9
6
5
17
17
6
11
12
5
5
17
18
2
9
18
12
17
17
4
3
7
2
11
11
18
14
14
2
15
16
12
2
4
3
10
12
15
11
6
4
13
17
11
7
9
7
10
9
1
13
7
1
0
16
10
9
5
14
8
3
16
2
5
7
17
4
18
12
8
5
16
5
15
4
11
10
2
17
6
18
3
5
4
12
18
9
1
4
8
18
3
6
10
13
11
16
2
12
7
1
2
13
2
0
18
9
4
8
3
8
1
14
18
15
