3
10
10
0
10
3
8
9
8
2
9
6
8
4
8
11
10
8
1
1
6
5
7
2
2
1
3
0
5
4
9
4
9
10
3
11
8
8
10
4
11
9
0
2
11
6
5
0
9
4
1
9
3
11
5
9
0
10
7
11
3
1
11
8
0
2
3
7
1
6
10
7
8
5
4
2
7
8
10
2
2
6
3
3
1
1
2
3
9
0
1
11
2
4
5
1
3
11
9
4
7
6
11
2
5
10
11
8
9
7
11
2
5
9
4
9
7
7
6
1
6
3
4
6
9
8
1
11
10
8
3
10
5
4
1
0
9
1
2
6
7
4
6
3
6
5
0
9
7
8
5
9
5
4
1
8
10
8
1
8
2
1
6
7
11
3
0
11
5
6
6
1
2
2
4
2
0
7
2
8
1
2
6
5
3
7
0
7
4
11
11
10
0
1
6
8
5
4
10
7
10
9
10
8
7
10
5
10
3
7
8
4
8
6
5
6
9
3
7
10
3
7
7
3
4
4
3
6
0
1
5
11
9
9
4
10
5
11
1
3
4
9
10
4
5
6
11
6
2
7
2
11
2
11
5
5
