147
198
145
33
24
196
112
224
13
183
52
31
135
91
187
231
119
165
240
208
60
128
181
44
84
59
108
25
162
22
238
133
111
30
115
95
232
151
157
118
170
20
139
252
36
76
75
79
71
51
4
174
14
184
92
97
216
153
228
235
239
90
125
214
249
177
110
134
175
55
39
105
113
48
194
160
77
242
233
117
146
202
37
210
207
26
103
150
82
69
28
15
7
81
142
94
229
43
127
98
107
254
223
182
241
100
140
156
188
21
56
62
18
186
54
1
204
32
2
42
206
87
247
129
68
154
116
46
19
35
23
9
200
195
58
215
83
185
220
164
251
16
137
3
168
74
205
192
169
245
253
124
109
53
73
96
99
234
217
218
167
10
78
50
180
57
250
121
248
126
102
155
203
123
148
120
85
114
161
190
179
65
178
61
40
221
237
171
101
144
12
189
131
66
17
63
136
138
197
243
256
201
209
104
49
6
27
70
11
122
5
172
173
45
191
93
211
149
47
227
236
225
80
246
88
38
86
29
212
213
89
244
67
159
41
199
176
143
152
72
226
219
34
132
222
130
8
193
106
163
255
230
141
166
158
64
